0,0.119551843625321
0.1,0.358940623609312
0.2,0.718450578267402
0.3,1.19836507736461
0.4,1.79896660797041
0.5,2.52053676030243
0.6,3.36335621356079
0.7,4.32770472175442
0.8,5.41386109952118
0.9,6.62210320794341
1,7.95270794036041
1.1,9.40595120817975
1.2,10.9821079266889
1.3,12.6814520008688
1.4,14.5042563112119
1.5,16.4507926995445
1.6,18.5213319548576
1.7,20.7161437991463
1.8,23.0354968732595
1.9,25.4796587227629
2,28.0488957838162
2.1,30.7434733690659
2.2,33.5636556535566
2.3,36.5097056606621
2.4,39.5818852480377
2.5,42.7804550935963
2.6,46.10567468151
2.7,49.557802288238
2.8,53.1370949685847
2.9,56.8438085417879
3,60.6781975776402
3.1,64.640515382645
3.2,68.7310139862094
3.3,72.949944126875
3.4,77.2975552385901
3.5,81.7740954370235
3.6,86.3798115059229
3.7,91.11494888352
3.8,95.9797516489833
3.9,100.974462508921
4,106.099322783937
4.1,111.35457239524
4.2,116.740449851308
4.3,122.257192234614
4.4,127.905035188408
4.5,133.684212903565
4.6,139.594958105489
4.7,145.637502041095
4.8,151.81207446585
4.9,158.118903630887
5,164.558216270189
5.1,171.130237587848
5.2,177.835191245405
5.3,184.673299349257
5.4,191.644782438156
5.5,198.749859470778
5.6,205.988747813386
5.7,213.361663227574
5.8,220.868819858098
5.9,228.510430220798
6,236.286705190615
6.1,244.197853989696
6.2,252.244084175598
6.3,260.425601629587
6.4,268.742610545042
6.5,277.195313415956
6.6,285.783911025539
6.7,294.508602434932
6.8,303.369584972024
6.9,312.367054220378
7,321.50120400827
7.1,330.772226397842
7.2,340.180311674367
7.3,349.725648335632
7.4,359.40842308144
7.5,369.228820803231
7.6,379.187024573828
7.7,389.283215637304
7.8,399.517573398978
7.9,409.890275415537
8,420.401497385284
8.1,431.051413138526
8.2,441.840194628087
8.3,452.768011919961
8.4,463.835033184095
8.5,475.04142468532
8.6,486.387350774412
8.7,497.8729738793
8.8,509.498454496418
8.9,521.263951182196
9,533.169620544708
9.1,545.215617235452
9.2,557.402093941301
9.3,569.729201376581
9.4,582.197088275323
9.5,594.805901383659
9.6,607.55578545237
9.7,620.446883229602
9.8,633.479335453734
9.9,646.653280846405
10,659.968856105706
10.1,673.426195899532
10.2,687.025432859105
10.3,700.766697572649
10.4,714.650118579249
10.5,728.675822362861
10.6,742.843933346509
10.7,757.154573886634
10.8,771.60786426763
10.9,786.203922696549
11,800.94286529797
11.1,815.824806109063
11.2,830.849857074808
11.3,846.018128043408
11.4,861.329726761872
11.5,876.784758871778
11.6,892.383327905222
11.7,908.125535280939
11.8,924.011480300614
11.9,940.041260145377
12,956.214969872472
12.1,972.532702412125
12.2,988.994548564585
12.3,1005.60059699736
12.4,1022.35093424263
12.5,1039.24564469486
12.6,1056.28481060862
12.7,1073.4685120965
12.8,1090.79682712738
12.9,1108.26983152472
13,1125.88759896515
13.1,1143.6502009772
13.2,1161.55770694026
13.3,1179.61018408372
13.4,1197.80769748623
13.5,1216.15031007529
13.6,1234.63808262695
13.7,1253.27107376565
13.8,1272.04933996441
13.9,1290.97293554504
14,1310.04191267869
14.1,1329.25632138648
14.2,1348.61620954041
14.3,1368.12162286441
14.4,1387.77260493561
14.5,1407.56919718581
14.6,1427.51143890312
14.7,1447.5993672338
14.8,1467.83301718433
14.9,1488.21242162362
15,1508.73761128546
15.1,1529.40861477113
15.2,1550.22545855225
15.3,1571.18816697374
15.4,1592.29676225708
15.5,1613.55126450367
15.6,1634.95169169845
15.7,1656.49805971366
15.8,1678.19038231282
15.9,1700.02867115493
16,1722.01293579878
16.1,1744.14318370751
16.2,1766.41942025338
16.3,1788.84164872264
16.4,1811.40987032071
16.5,1834.1240841774
16.6,1856.98428735251
16.7,1879.99047484138
16.8,1903.14263958085
16.9,1926.44077245525
17,1949.88486230267
17.1,1973.47489592133
17.2,1997.2108580762
17.3,2021.09273150577
17.4,2045.12049692901
17.5,2069.29413305248
17.6,2093.61361657769
17.7,2118.07892220855
17.8,2142.69002265904
17.9,2167.44688866108
18,2192.3494889725
18.1,2217.39779038526
18.2,2242.5917577338
18.3,2267.93135390357
18.4,2293.4165398397
18.5,2319.04727455592
18.6,2344.82351514353
18.7,2370.74521678065
18.8,2396.81233274152
18.9,2423.02481440608
19,2449.38261126961
19.1,2475.8856709526
19.2,2502.53393921071
19.3,2529.32735994497
19.4,2556.26587521206
19.5,2583.34942523477
19.6,2610.57794841265
19.7,2637.95138133271
19.8,2665.46965878041
19.9,2693.13271375065
20,2720.940477459
20.1,2748.89287935308
20.2,2776.98984712399
20.3,2805.23130671798
20.4,2833.61718234819
20.5,2862.14739650659
20.6,2890.82186997597
20.7,2919.64052184216
20.8,2948.60326950629
20.9,2977.71002869724
21,3006.9607134842
21.1,3036.35523628935
21.2,3065.89350790067
21.3,3095.57543748485
21.4,3125.40093260037
21.5,3155.36989921065
21.6,3185.48224169732
21.7,3215.73786287364
21.8,3246.13666399799
21.9,3276.67854478748
22,3307.36340343173
22.1,3338.19113660662
22.2,3369.16163948829
22.3,3400.27480576714
22.4,3431.530527662
22.5,3462.92869593433
22.6,3494.46919990259
22.7,3526.15192745662
22.8,3557.97676507221
22.9,3589.94359782565
23,3622.05230940847
23.1,3654.30278214219
23.2,3686.69489699319
23.3,3719.22853358767
23.4,3751.90357022665
23.5,3784.71988390109
23.6,3817.67735030705
23.7,3850.77584386095
23.8,3884.01523771486
23.9,3917.39540377195
24,3950.91621270186
24.1,3984.5775339563
24.2,4018.37923578457
24.3,4052.32118524925
24.4,4086.40324824184
24.5,4120.62528949857
24.6,4154.9871726162
24.7,4189.48876006785
24.8,4224.12991321893
24.9,4258.9104923431
25,4293.83035663829
25.1,4328.88936424271
25.2,4364.08737225097
25.3,4399.42423673018
25.4,4434.89981273614
25.5,4470.51395432954
25.6,4506.26651459217
25.7,4542.15734564322
25.8,4578.18629865551
25.9,4614.3532238719
26,4650.65797062155
26.1,4687.10038733636
26.2,4723.68032156729
26.3,4760.39762000082
26.4,4797.25212847537
26.5,4834.24369199769
26.6,4871.37215475939
26.7,4908.63736015333
26.8,4946.03915079015
26.9,4983.57736851471
27,5021.2518544226
27.1,5059.06244887661
27.2,5097.00899152324
27.3,5135.09132130918
27.4,5173.30927649777
27.5,5211.66269468555
27.6,5250.15141281865
27.7,5288.77526720935
27.8,5327.53409355245
27.9,5366.42772694179
28,5405.45600188664
28.1,5444.61875232814
28.2,5483.91581165571
28.3,5523.34701272339
28.4,5562.91218786628
28.5,5602.61116891681
28.6,5642.44378722108
28.7,5682.40987365519
28.8,5722.50925864144
28.9,5762.74177216465
29,5803.10724378828
29.1,5843.60550267067
29.2,5884.23637758117
29.3,5924.99969691623
29.4,5965.89528871546
29.5,6006.92298067773
29.6,6048.0826001771
29.7,6089.37397427877
29.8,6130.79692975505
29.9,6172.35129310118
30,6214.03689055116
30.1,6255.85354809354
30.2,6297.80109148712
30.3,6339.87934627666
30.4,6382.08813780851
30.5,6424.42729124614
30.6,6466.89663158571
30.7,6509.49598367151
30.8,6552.22517221141
30.9,6595.08402179216
31,6638.07235689473
31.1,6681.19000190952
31.2,6724.43678115157
31.3,6767.81251887564
31.4,6811.31703929129
31.5,6854.95016657783
31.6,6898.71172489931
31.7,6942.6015384193
31.8,6986.61943131574
31.9,7030.76522779561
32,7075.03875210965
32.1,7119.43982856688
32.2,7163.96828154912
32.3,7208.62393552547
32.4,7253.40661506662
32.5,7298.31614485921
32.6,7343.35234971998
32.7,7388.51505460993
32.8,7433.80408464842
32.9,7479.21926512713
33,7524.76042152395
33.1,7570.42737951686
33.2,7616.21996499763
33.3,7662.13800408555
33.4,7708.18132314095
33.5,7754.34974877877
33.6,7800.64310788194
33.7,7847.06122761476
33.8,7893.60393543615
33.9,7940.27105911278
34,7987.06242673224
34.1,8033.97786671598
34.2,8081.01720783225
34.3,8128.18027920896
34.4,8175.46691034637
34.5,8222.8769311298
34.6,8270.41017184216
34.7,8318.06646317646
34.8,8365.84563624819
34.9,8413.74752260763
35,8461.77195425207
35.1,8509.91876363791
35.2,8558.18778369272
35.3,8606.57884782717
35.4,8655.09178994688
35.5,8703.72644446421
35.6,8752.48264630989
35.7,8801.36023094463
35.8,8850.35903437057
35.9,8899.47889314271
36,8948.71964438022
36.1,8998.08112577759
36.2,9047.56317561581
36.3,9097.16563277338
36.4,9146.88833673719
36.5,9196.73112761342
36.6,9246.69384613827
36.7,9296.7763336886
36.8,9346.97843229247
36.9,9397.29998463963
37,9447.74083409192
37.1,9498.30082469346
37.2,9548.97980118093
37.3,9599.77760899358
37.4,9650.6940942833
37.5,9701.72910392447
37.6,9752.88248552379
37.7,9804.15408742998
37.8,9855.54375874346
37.9,9907.05134932581
38,9958.67670980923
38.1,10010.4196916059
38.2,10062.2801469173
38.3,10114.2579287432
38.4,10166.3528908908
38.5,10218.5648879839
38.6,10270.8937754714
38.7,10323.3394096365
38.8,10375.901647605
38.9,10428.5803473544
39,10481.3753677219
39.1,10534.286568413
39.2,10587.3138100102
39.3,10640.4569539808
39.4,10693.7158626851
39.5,10747.0903993846
39.6,10800.5804282501
39.7,10854.1858143694
39.8,10907.9064237549
39.9,10961.7421233519
40,11015.6927810457
40.1,11069.7582656693
40.2,11123.9384470109
40.3,11178.2331958211
40.4,11232.6423838206
40.5,11287.1658837069
40.6,11341.8035691615
40.7,11396.5553148573
40.8,11451.420996465
40.9,11506.4004906602
41,11561.4936751305
41.1,11616.7004285815
41.2,11672.020630744
41.3,11727.4541623801
41.4,11783.0009052899
41.5,11838.6607423177
41.6,11894.4335573587
41.7,11950.3192353642
41.8,12006.3176623491
41.9,12062.4287253965
42,12118.6523126648
42.1,12174.9883133931
42.2,12231.4366179067
42.3,12287.9971176236
42.4,12344.6697050594
42.5,12401.4542738332
42.6,12458.3507186733
42.7,12515.3589354219
42.8,12572.4788210416
42.9,12629.7102736194
43,12687.0531923728
43.1,12744.5074776546
43.2,12802.073030958
43.3,12859.7497549215
43.4,12917.5375533338
43.5,12975.4363311391
43.6,13033.445994441
43.7,13091.566450508
43.8,13149.7976077777
43.9,13208.1393758616
44,13266.5916655495
44.1,13325.1543888137
44.2,13383.827458814
44.3,13442.6107899013
44.4,13501.5042976221
44.5,13560.507898723
44.6,13619.6215111543
44.7,13678.8450540742
44.8,13738.1784478532
44.9,13797.6216140772
45,13857.1744755524
45.1,13916.8369563079
45.2,13976.6089816008
45.3,14036.4904779185
45.4,14096.4813729835
45.5,14156.5815957562
45.6,14216.7910764389
45.7,14277.1097464788
45.8,14337.5375385717
45.9,14398.0743866655
46,14458.720225963
46.1,14519.4749929257
46.2,14580.3386252764
46.3,14641.3110620028
46.4,14702.3922433606
46.5,14763.582110876
46.6,14824.8806073492
46.7,14886.2876768573
46.8,14947.8032647569
46.9,15009.427317687
47,15071.1597835722
47.1,15133.0006116247
47.2,15194.9497523477
47.3,15257.0071575378
47.4,15319.1727802872
47.5,15381.4465749871
47.6,15443.8284973295
47.7,15506.3185043097
47.8,15568.9165542295
47.9,15631.6226066985
48,15694.4366226374
48.1,15757.3585642796
48.2,15820.3883951739
48.3,15883.5260801867
48.4,15946.7715855039
48.5,16010.1248786335
48.6,16073.5859284072
48.7,16137.1547049831
48.8,16200.831179847
48.9,16264.6153258152
49,16328.5071170359
49.1,16392.5065289914
49.2,16456.6135385
49.3,16520.8281237178
49.4,16585.1502641405
49.5,16649.5799406056
49.6,16714.1171352936
49.7,16778.7618317302
49.8,16843.514014788
49.9,16908.3736706878
50,16973.3407870009
50.1,17038.4153526502
50.2,17103.5973579122
50.3,17168.8867944181
50.4,17234.2836551562
50.5,17299.7879344726
50.6,17365.3996280732
50.7,17431.118733025
50.8,17496.9452477578
50.9,17562.8791720652
51,17628.9205071067
51.1,17695.0692554085
51.2,17761.3254208653
51.3,17827.6890087414
51.4,17894.1600256721
51.5,17960.7384796654
51.6,18027.4243801028
51.7,18094.2177377408
51.8,18161.1185647122
51.9,18228.1268745276
52,18295.2426820762
52.1,18362.4660036273
52.2,18429.7968568317
52.3,18497.2352607224
52.4,18564.7812357163
52.5,18632.4348036152
52.6,18700.1959876069
52.7,18768.0648122664
52.8,18836.0413035573
52.9,18904.1254888324
53,18972.3173968353
53.1,19040.6170577016
53.2,19109.0245029595
53.3,19177.5397655314
53.4,19246.1628797347
53.5,19314.8938812831
53.6,19383.7328072875
53.7,19452.6796962574
53.8,19521.7345881015
53.9,19590.8975241292
54,19660.1685470515
54.1,19729.547700982
54.2,19799.0350314381
54.3,19868.6305853421
54.4,19938.3344110221
54.5,20008.1465582131
54.6,20078.067078058
54.7,20148.0960231091
54.8,20218.2334473285
54.9,20288.4794060895
55,20358.8339561778
55.1,20429.2971557924
55.2,20499.8690645465
55.3,20570.5497434689
55.4,20641.339255005
55.5,20712.2376630176
55.6,20783.2450327884
55.7,20854.3614310187
55.8,20925.5869258308
55.9,20996.921586769
56,21068.3654848007
56.1,21139.9186923174
56.2,21211.581283136
56.3,21283.3533325
56.4,21355.2349170802
56.5,21427.2261149766
56.6,21499.3270057188
56.7,21571.5376702675
56.8,21643.8581910159
56.9,21716.2886517905
57,21788.8291378525
57.1,21861.4797358991
57.2,21934.2405340646
57.3,22007.1116219216
57.4,22080.0930904823
57.5,22153.1850322
57.6,22226.3875409701
57.7,22299.7007121314
57.8,22373.1246424677
57.9,22446.6594302088
58,22520.3051750321
58.1,22594.0619780638
58.2,22667.9299418804
58.3,22741.90917051
58.4,22815.9997694339
58.5,22890.2018455879
58.6,22964.5155073637
58.7,23038.9408646105
58.8,23113.4780286365
58.9,23188.1271122104
59,23262.8882295629
59.1,23337.7614963884
59.2,23412.7470298464
59.3,23487.8449485632
59.4,23563.0553726336
59.5,23638.3784236223
59.6,23713.8142245662
59.7,23789.3628999752
59.8,23865.0245758347
59.9,23940.799379607
60,24016.6874402332
60.1,24092.6888881348
60.2,24168.803855216
60.3,24245.0324748649
60.4,24321.3748819561
60.5,24397.8312128521
60.6,24474.4016054053
60.7,24551.0861989603
60.8,24627.8851343557
60.9,24704.798553926
61,24781.826601504
61.1,24858.9694224226
61.2,24936.227163517
61.3,25013.599973127
61.4,25091.088001099
61.5,25168.6913987883
61.6,25246.4103190617
61.7,25324.2449162989
61.8,25402.195346396
61.9,25480.2617667669
62,25558.4443363461
62.1,25636.7432155911
62.2,25715.1585664851
62.3,25793.690552539
62.4,25872.3393387942
62.5,25951.1050918254
62.6,26029.9879797428
62.7,26108.988172195
62.8,26188.1058403718
62.9,26267.3411570066
63,26346.6942963795
63.1,26426.1654343199
63.2,26505.7547482094
63.3,26585.4624169847
63.4,26665.2886211407
63.5,26745.2335427331
63.6,26825.2973653818
63.7,26905.4802742739
63.8,26985.7824561664
63.9,27066.2040993901
64,27146.7453938518
64.1,27227.4065310387
64.2,27308.1877040206
64.3,27389.089107454
64.4,27470.110937585
64.5,27551.253392253
64.6,27632.516670894
64.7,27713.9009745443
64.8,27795.4065058439
64.9,27877.03346904
65,27958.7820699912
65.1,28040.6525161704
65.2,28122.6450166693
65.3,28204.7597822019
65.4,28286.9970251081
65.5,28369.3569593583
65.6,28451.8398005565
65.7,28534.4457659452
65.8,28617.1750744088
65.9,28700.027946478
66,28783.004604334
66.1,28866.1052718125
66.2,28949.3301744086
66.3,29032.6795392802
66.4,29116.1535952533
66.5,29199.752572826
66.6,29283.4767041728
66.7,29367.3262231499
66.8,29451.3013652992
66.9,29535.402367853
67,29619.6294697393
67.1,29703.9829115859
67.2,29788.4629357259
67.3,29873.0697862022
67.4,29957.8037087726
67.5,30042.6649509149
67.6,30127.6537618322
67.7,30212.7703924576
67.8,30298.01509546
67.9,30383.3881252489
68,30468.8897379802
68.1,30554.5201915615
68.2,30640.2797456572
68.3,30726.1686616949
68.4,30812.1872028704
68.5,30898.3356341534
68.6,30984.6142222938
68.7,31071.0232358269
68.8,31157.5629450798
68.9,31244.2336221773
69,31331.0355410477
69.1,31417.968977429
69.2,31505.0342088756
69.3,31592.2315147639
69.4,31679.561176299
69.5,31767.023476521
69.6,31854.6187003116
69.7,31942.3471344007
69.8,32030.209067373
69.9,32118.2047896746
70,32206.33459362
70.1,32294.5987733989
70.2,32382.9976250832
70.3,32471.5314466341
70.4,32560.2005379089
70.5,32649.0052006688
70.6,32737.9457385855
70.7,32827.0224572493
70.8,32916.2356641758
70.9,33005.5856688142
71,33095.0727825544
71.1,33184.6973187347
71.2,33274.45959265
71.3,33364.3599215594
71.4,33454.3986246941
71.5,33544.5760232659
71.6,33634.8924404748
71.7,33725.3482015176
71.8,33815.9436335962
71.9,33906.6790659258
72,33997.5548297438
72.1,34088.5712583181
72.2,34179.728686956
72.3,34271.0274530131
72.4,34362.4678959017
72.5,34454.0503571005
72.6,34545.7751801633
72.7,34637.6427107281
72.8,34729.6532965269
72.9,34821.8072873945
73,34914.1050352785
73.1,35006.5468942486
73.2,35099.1332205065
73.3,35191.8643723957
73.4,35284.7407104113
73.5,35377.7625972103
73.6,35470.9303976214
73.7,35564.2444786555
73.8,35657.705209516
73.9,35751.3129616094
74,35845.0681085556
74.1,35938.971026199
74.2,36033.0220926188
74.3,36127.2216881406
74.4,36221.5701953469
74.5,36316.0679990884
74.6,36410.7154864956
74.7,36505.5130469898
74.8,36600.4610722949
74.9,36695.5599564489
75,36790.8100958159
75.1,36886.2118890978
75.2,36981.7657373463
75.3,37077.4720439752
75.4,37173.3312147729
75.5,37269.3436579143
75.6,37365.5097839738
75.7,37461.8300059377
75.8,37558.3047392172
75.9,37654.9344016615
76,37751.7194135705
76.1,37848.6601977083
76.2,37945.7571793165
76.3,38043.0107861277
76.4,38140.4214483794
76.5,38237.9895988275
76.6,38335.7156727602
76.7,38433.6001080124
76.8,38531.64334498
76.9,38629.8458266336
77,38728.207998534
77.1,38826.7303088463
77.2,38925.4132083548
77.3,39024.2571504784
77.4,39123.2625912852
77.5,39222.4299895084
77.6,39321.7598065613
77.7,39421.2525065533
77.8,39520.9085563057
77.9,39620.7284253674
78,39720.7125860316
78.1,39820.8615133515
78.2,39921.1756851572
78.3,40021.6555820723
78.4,40122.3016875308
78.5,40223.114487794
78.6,40324.0944719678
78.7,40425.2421320202
78.8,40526.5579627985
78.9,40628.0424620476
79,40729.6961304276
79.1,40831.5194715319
79.2,40933.5129919058
79.3,41035.6772010648
79.4,41138.0126115136
79.5,41240.5197387647
79.6,41343.1991013576
79.7,41446.0512208783
79.8,41549.0766219788
79.9,41652.2758323967
80,41755.6493829752
80.1,41859.1978076833
80.2,41962.9216436362
80.3,42066.821431116
80.4,42170.8977135921
80.5,42275.1510377429
80.6,42379.5819534764
80.7,42484.191013952
80.8,42588.9787756025
80.9,42693.9457981554
81,42799.0926446557
81.1,42904.419881488
81.2,43009.9280783993
81.3,43115.6178085217
81.4,43221.489648396
81.5,43327.5441779946
81.6,43433.7819807456
81.7,43540.2036435564
81.8,43646.809756838
81.9,43753.6009145294
82,43860.5777141224
82.1,43967.7407566866
82.2,44075.0906468943
82.3,44182.6279930465
82.4,44290.3534070984
82.5,44398.2675046855
82.6,44506.37090515
82.7,44614.6642315675
82.8,44723.1481107738
82.9,44831.8231733923
83,44940.6900538614
83.1,45049.7493904625
83.2,45159.0018253479
83.3,45268.4480045695
83.4,45378.0885781073
83.5,45487.9241998989
83.6,45597.9555278684
83.7,45708.1832239564
83.8,45818.6079541503
83.9,45929.230388514
84,46040.0512012196
84.1,46151.0710705775
84.2,46262.2906790685
84.3,46373.7107133753
84.4,46485.3318644146
84.5,46597.1548273699
84.6,46709.180301724
84.7,46821.4089912922
84.8,46933.8416042563
84.9,47046.4788531984
85,47159.3214551349
85.1,47272.3701315518
85.2,47385.6256084397
85.3,47499.088616329
85.4,47612.7598903263
85.5,47726.6401701507
85.6,47840.7302001703
85.7,47955.0307294397
85.8,48069.5425117375
85.9,48184.2663056042
86,48299.2028743813
86.1,48414.3529862495
86.2,48529.7174142685
86.3,48645.2969364169
86.4,48761.0923356324
86.5,48877.1043998525
86.6,48993.3339220561
86.7,49109.7817003047
86.8,49226.4485377853
86.9,49343.3352428526
87,49460.4426290725
87.1,49577.7715152657
87.2,49695.3227255521
87.3,49813.0970893956
87.4,49931.0954416493
87.5,50049.3186226014
87.6,50167.7674780215
87.7,50286.4428592079
87.8,50405.3456230348
87.9,50524.4766320004
88,50643.8367542757
88.1,50763.4268637538
88.2,50883.2478400995
88.3,51003.3005688002
88.4,51123.5859412164
88.5,51244.1048546338
88.6,51364.8582123156
88.7,51485.8469235551
88.8,51607.0719037298
88.9,51728.5340743554
89,51850.2343631407
89.1,51972.1737040434
89.2,52094.3530373262
89.3,52216.7733096139
89.4,52339.4354739512
89.5,52462.3404898609
89.6,52585.4893234033
89.7,52708.882947236
89.8,52832.5223406744
89.9,52956.4084897536
90,53080.54238729
90.1,53204.9250329446
90.2,53329.5574332868
90.3,53454.4406018589
90.4,53579.5755592416
90.5,53704.9633331201
90.6,53830.6049583515
90.7,53956.5014770324
90.8,54082.6539385682
90.9,54209.0633997422
91,54335.7309247869
91.1,54462.6575854554
91.2,54589.8444610934
91.3,54717.2926387133
91.4,54845.0032130684
91.5,54972.977286728
91.6,55101.2159701543
91.7,55229.7203817792
91.8,55358.4916480834
91.9,55487.5309036751
92,55616.8392913713
92.1,55746.4179622789
92.2,55876.2680758775
92.3,56006.3908001032
92.4,56136.7873114338
92.5,56267.4587949747
92.6,56398.4064445459
92.7,56529.631462771
92.8,56661.1350611666
92.9,56792.9184602332
93,56924.9828895471
93.1,57057.3295878545
93.2,57189.9598031655
93.3,57322.8747928506
93.4,57456.0758237377
93.5,57589.5641722112
93.6,57723.341124312
93.7,57857.4079758387
93.8,57991.766032451
93.9,58126.416609774
94,58261.3610335039
94.1,58396.6006395155
94.2,58532.1367739712
94.3,58667.9707934316
94.4,58804.1040649673
94.5,58940.5379662728
94.6,59077.2738857818
94.7,59214.3132227844
94.8,59351.6573875456
94.9,59489.3078014258
95,59627.2658970031
95.1,59765.5331181977
95.2,59904.1109203969
95.3,60043.0007705839
95.4,60182.2041474666
95.5,60321.7225416098
95.6,60461.5574555682
95.7,60601.7104040223
95.8,60742.1829139163
95.9,60882.9765245971
96,61024.0927879566
96.1,61165.5332685755
96.2,61307.2995438698
96.3,61449.3932042388
96.4,61591.8158532161
96.5,61734.5691076225
96.6,61877.6545977217
96.7,62021.0739673778
96.8,62164.8288742161
96.9,62308.9209897855
97,62453.3519997242
97.1,62598.1236039276
97.2,62743.2375167191
97.3,62888.6954670236
97.4,63034.4991985435
97.5,63180.6504699381
97.6,63327.151055005
97.7,63474.0027428656
97.8,63621.2073381526
97.9,63768.766661201
98,63916.6825482424
98.1,64064.956851602
98.2,64213.5914398995
98.3,64362.5881982524
98.4,64511.9490284841
98.5,64661.6758493338
98.6,64811.7705966715
98.7,64962.2352237152
98.8,65113.0717012532
98.9,65264.2820178686
99,65415.8681801695
99.1,65567.8322130213
99.2,65720.1761597841
99.3,65872.9020825542
99.4,66026.012062409
99.5,66179.5081996574
99.6,66333.3926140931
99.7,66487.6674452539
99.8,66642.3348526842
99.9,66797.397016203
100,66950.5865320954
100.1,67101.9521822614
100.2,67251.5407567646
100.3,67399.3971625541
100.4,67545.5645247953
100.5,67690.0842814096
100.6,67832.9962713645
100.7,67974.3388172065
100.8,68114.1488022856
100.9,68252.4617430774
101,68389.3118569741
101.1,68524.732125884
101.2,68658.7543559475
101.3,68791.4092336536
101.4,68922.7263786151
101.5,69052.7343932399
101.6,69181.4609095177
101.7,69308.9326331199
101.8,69435.1753849992
101.9,69560.2141406561
102,69684.0730672305
102.1,69806.775558561
102.2,69928.3442683453
102.3,70048.801141525
102.4,70168.1674440078
102.5,70286.4637908326
102.6,70403.7101728751
102.7,70519.9259821847
102.8,70635.130036035
102.9,70749.3405997684
103,70862.5754085046
103.1,70974.851687783
103.2,71086.1861731993
103.3,71196.5951290964
103.4,71306.0943663641
103.5,71414.6992593973
103.6,71522.4247622614
103.7,71629.2854241092
103.8,71735.2954038898
103.9,71840.4684843892
104,71944.8180856394
104.1,72048.3572777286
104.2,72151.0987930458
104.3,72253.055037989
104.4,72354.2381041656
104.5,72454.6597791109
104.6,72554.3315565493
104.7,72653.2646462235
104.8,72751.46998331
104.9,72848.9582374452
105,72945.7398213795
105.1,73041.8248992781
105.2,73137.2233946857
105.3,73231.9449981723
105.4,73325.9991746738
105.5,73419.3951705434
105.6,73512.1420203268
105.7,73604.2485532744
105.8,73695.7233996024
105.9,73786.5749965149
106,73876.8115939972
106.1,73966.4412603921
106.2,74055.4718877667
106.3,74143.9111970818
106.4,74231.7667431705
106.5,74319.0459195351
106.6,74405.7559629712
106.7,74491.9039580244
106.8,74577.4968412894
106.9,74662.5414055557
107,74747.0443038085
107.1,74831.0120530897
107.2,74914.4510382247
107.3,74997.3675154222
107.4,75079.7676157495
107.5,75161.6573484919
107.6,75243.0426043969
107.7,75323.9291588117
107.8,75404.3226747156
107.9,75484.2287056528
108,75563.6526985685
108.1,75642.5999965541
108.2,75721.0758415019
108.3,75799.0853766763
108.4,75876.6336492019
108.5,75953.7256124735
108.6,76030.3661284896
108.7,76106.5599701136
108.8,76182.3118232643
108.9,76257.6262890394
109,76332.5078857729
109.1,76406.961051031
109.2,76480.9901435468
109.3,76554.5994450966
109.4,76627.7931623214
109.5,76700.5754284924
109.6,76772.9503052259
109.7,76844.9217841474
109.8,76916.4937885066
109.9,76987.6701747464
110,77058.4547340262
110.1,77128.8511937016
110.2,77198.8632187621
110.3,77268.4944132282
110.4,77337.7483215086
110.5,77406.6284297201
110.6,77475.1381669703
110.7,77543.2809066053
110.8,77611.0599674225
110.9,77678.4786148505
111,77745.5400620973
111.1,77812.2474712666
111.2,77878.6039544451
111.3,77944.6125747597
111.4,78010.2763474074
111.5,78075.5982406575
111.6,78140.5811768277
111.7,78205.2280332344
111.8,78269.5416431186
111.9,78333.5247965477
112,78397.1802412937
112.1,78460.5106836898
112.2,78523.5187894641
112.3,78586.2071845534
112.4,78648.5784558951
112.5,78710.6351522006
112.6,78772.3797847084
112.7,78833.8148279192
112.8,78894.9427203122
112.9,78955.7658650447
113,79016.2866306334
113.1,79076.5073516205
113.2,79136.4303292226
113.3,79196.0578319643
113.4,79255.3920962973
113.5,79314.4353272034
113.6,79373.1896987845
113.7,79431.6573548379
113.8,79489.8404094186
113.9,79547.7409473879
114,79605.3610249496
114.1,79662.702670174
114.2,79719.767883509
114.3,79776.5586382809
114.4,79833.0768811821
114.5,79889.3245327489
114.6,79945.3034878284
114.7,80001.015616034
114.8,80056.4627621921
114.9,80111.6467467776
115,80166.5693663403
115.1,80221.232393922
115.2,80275.6375794641
115.3,80329.7866502065
115.4,80383.6813110778
115.5,80437.3232450768
115.6,80490.7141136461
115.7,80543.8555570373
115.8,80596.7491946689
115.9,80649.3966254763
116,80701.799428254
116.1,80753.959161991
116.2,80805.8773661995
116.3,80857.5555612358
116.4,80908.9952486152
116.5,80960.1979113203
116.6,81011.1650141024
116.7,81061.8980037778
116.8,81112.3983095163
116.9,81162.6673431261
117,81212.7064993304
117.1,81262.5171560406
117.2,81312.1006746226
117.3,81361.4584001582
117.4,81410.5916617014
117.5,81459.5017725296
117.6,81508.1900303895
117.7,81556.6577177383
117.8,81604.9061019805
117.9,81652.9364356994
118,81700.7499568849
118.1,81748.347889156
118.2,81795.7314419797
118.3,81842.9018108853
118.4,81889.8601776749
118.5,81936.6077106291
118.6,81983.1455647102
118.7,82029.4748817601
118.8,82075.5967906952
118.9,82121.5124076976
119,82167.2228364026
119.1,82212.7291680825
119.2,82258.0324818275
119.3,82303.1338447228
119.4,82348.0343120224
119.5,82392.7349273202
119.6,82437.2367227175
119.7,82481.5407189874
119.8,82525.6479257367
119.9,82569.5593415643
120,82613.2759542172
120.1,82656.7987407432
120.2,82700.1286676417
120.3,82743.2666910106
120.4,82786.2137566916
120.5,82828.9708004127
120.6,82871.5387479278
120.7,82913.9185151541
120.8,82956.1110083074
120.9,82998.1171240342
121,83039.9377495427
121.1,83081.5737627303
121.2,83123.0260323097
121.3,83164.2954179323
121.4,83205.3827703104
121.5,83246.288931336
121.6,83287.0147341985
121.7,83327.5610035001
121.8,83367.9285553696
121.9,83408.1181975735
122,83448.1307296258
122.1,83487.9669428963
122.2,83527.6276207161
122.3,83567.1135384822
122.4,83606.4254637599
122.5,83645.5641563839
122.6,83684.5303685573
122.7,83723.3248449492
122.8,83761.9483227909
122.9,83800.40153197
123,83838.6851951235
123.1,83876.8000277289
123.2,83914.7467381946
123.3,83952.5260279479
123.4,83990.138591522
123.5,84027.5851166421
123.6,84064.8662843093
123.7,84101.9827688835
123.8,84138.9352381652
123.9,84175.7243534759
124,84212.3507697368
124.1,84248.815135547
124.2,84285.1180932599
124.3,84321.2602790587
124.4,84357.2423230305
124.5,84393.0648492396
124.6,84428.7284757994
124.7,84464.2338149429
124.8,84499.5814730931
124.9,84534.772050931
125,84569.8061434639
125.1,84604.6843400916
125.2,84639.4072246718
125.3,84673.9753755854
125.4,84708.3893657995
125.5,84742.6497629305
125.6,84776.7571293053
125.7,84810.7120220228
125.8,84844.5149930133
125.9,84878.1665890976
126,84911.6673520455
126.1,84945.0178186324
126.2,84978.2185206965
126.3,85011.2699851937
126.4,85044.172734253
126.5,85076.9272852301
126.6,85109.5341507608
126.7,85141.9938388131
126.8,85174.3068527393
126.9,85206.4736913269
127,85238.4948488484
127.1,85270.370815111
127.2,85302.1020755056
127.3,85333.6891110542
127.4,85365.1323984582
127.5,85396.4324101442
127.6,85427.5896143107
127.7,85458.604474973
127.8,85489.4774520084
127.9,85520.2090011999
128,85550.7995742802
128.1,85581.249618974
128.2,85611.5595790408
128.3,85641.7298943161
128.4,85671.7610007532
128.5,85701.6533304631
128.6,85731.4073117549
128.7,85761.0233691751
128.8,85790.5019235465
128.9,85819.8433920066
129,85849.0481880454
129.1,85878.1167215429
129.2,85907.0493988056
129.3,85935.8466226031
129.4,85964.5087922039
129.5,85993.0363034106
129.6,86021.4295485949
129.7,86049.6889167318
129.8,86077.814793434
129.9,86105.8075609847
130,86133.6675983713
130.1,86161.3952813176
130.2,86188.9909823161
130.3,86216.4550706598
130.4,86243.7879124732
130.5,86270.9898707437
130.6,86298.0613053517
130.7,86325.0025731008
130.8,86351.8140277478
130.9,86378.4960200314
131,86405.0488977017
131.1,86431.4730055486
131.2,86457.7686854299
131.3,86483.936276299
131.4,86509.9761142327
131.5,86535.888532458
131.6,86561.6738613792
131.7,86587.3324286038
131.8,86612.864558969
131.9,86638.2705745675
132,86663.5507947724
132.1,86688.7055362629
132.2,86713.7351130485
132.3,86738.6398364941
132.4,86763.4200153435
132.5,86788.0759557435
132.6,86812.6079612677
132.7,86837.0163329394
132.8,86861.3013692546
132.9,86885.4633662049
133,86909.5026172994
133.1,86933.4194135874
133.2,86957.2140436797
133.3,86980.8867937707
133.4,87004.437947659
133.5,87027.8677867689
133.6,87051.1765901712
133.7,87074.3646346034
133.8,87097.4321944901
133.9,87120.3795419632
134,87143.2069468811
134.1,87165.9146768488
134.2,87188.5029972369
134.3,87210.9721712007
134.4,87233.322459699
134.5,87255.5541215127
134.6,87277.6674132628
134.7,87299.6625894293
134.8,87321.5399023682
134.9,87343.2996023301
135,87364.9419374767
135.1,87386.4671538989
135.2,87407.8754956335
135.3,87429.1672046801
135.4,87450.3425210174
135.5,87471.4016826203
135.6,87492.3449254759
135.7,87513.1724835991
135.8,87533.8845890491
135.9,87554.4814719448
136,87574.9633604802
136.1,87595.3304809399
136.2,87615.583057714
136.3,87635.7213133133
136.4,87655.7454683838
136.5,87675.6557417215
136.6,87695.4523502867
136.7,87715.1355092181
136.8,87734.7054318473
136.9,87754.1623297123
137,87773.5064125714
137.1,87792.7378884168
137.2,87811.856963488
137.3,87830.863842285
137.4,87849.7587275816
137.5,87868.5418204381
137.6,87887.2133202143
137.7,87905.773424582
137.8,87924.2223295376
137.9,87942.5602294145
138,87960.7873168953
138.1,87978.9037830236
138.2,87996.9098172164
138.3,88014.8056072755
138.4,88032.5913393993
138.5,88050.2671981943
138.6,88067.8333666866
138.7,88085.2900263329
138.8,88102.6373570318
138.9,88119.8755371349
139,88137.0047434572
139.1,88154.0251512884
139.2,88170.936934403
139.3,88187.7402650714
139.4,88204.4353140696
139.5,88221.0222506898
139.6,88237.5012427505
139.7,88253.8724566066
139.8,88270.1360571588
139.9,88286.2922078641
140,88302.3410707449
140.1,88318.2828063989
140.2,88334.1175740083
140.3,88349.8455313492
140.4,88365.4668348009
140.5,88380.9816393549
140.6,88396.390098624
140.7,88411.692364851
140.8,88426.888588918
140.9,88441.9789203544
141,88456.963507346
141.1,88471.8424967435
141.2,88486.6160340704
141.3,88501.2842635319
141.4,88515.8473280228
141.5,88530.3053691355
141.6,88544.6585271684
141.7,88558.9069411334
141.8,88573.0507487638
141.9,88587.0900865223
142,88601.0250896085
142.1,88614.8558919663
142.2,88628.5826262914
142.3,88642.205424039
142.4,88655.7244154306
142.5,88669.1397294616
142.6,88682.4514939082
142.7,88695.6598353344
142.8,88708.7648790994
142.9,88721.7667493635
143,88734.6655690961
143.1,88747.4614600814
143.2,88760.1545429256
143.3,88772.7449370631
143.4,88785.2327607633
143.5,88797.6181311367
143.6,88809.9011641414
143.7,88822.0819745893
143.8,88834.160676152
143.9,88846.1373813674
144,88858.0122016452
144.1,88869.7852472731
144.2,88881.4566274227
144.3,88893.0264501552
144.4,88904.494822427
144.5,88915.8618500958
144.6,88927.1276379254
144.7,88938.2922895923
144.8,88949.3559076899
144.9,88960.318593735
145,88971.1804481723
145.1,88981.9415703803
145.2,88992.6020586757
145.3,89003.1620103194
145.4,89013.6215215208
145.5,89023.9806874432
145.6,89034.2396022087
145.7,89044.3983589029
145.8,89054.4570495796
145.9,89064.4157652659
146,89074.2745959667
146.1,89084.033630669
146.2,89093.6929573471
146.3,89103.2526629664
146.4,89112.7128334884
146.5,89122.0735538746
146.6,89131.3349080911
146.7,89140.496979113
146.8,89149.5598489282
146.9,89158.5235985417
147,89167.3883079798
147.1,89176.154056294
147.2,89184.8209215652
147.3,89193.3889809073
147.4,89201.8583104711
147.5,89210.2289854484
147.6,89218.5010800755
147.7,89226.6746676371
147.8,89234.7498204697
147.9,89242.7266099653
148,89250.6051065751
148.1,89258.3853798127
148.2,89266.0674982579
148.3,89273.6515295599
148.4,89281.1375404403
148.5,89288.5255966973
148.6,89295.8157632078
148.7,89303.0081039315
148.8,89310.1026819137
148.9,89317.0995592883
149,89323.9987972809
149.1,89330.8004562119
149.2,89337.5045954994
149.3,89344.1112736621
149.4,89350.620548322
149.5,89357.0324762075
149.6,89363.3471131559
149.7,89369.5645141163
149.8,89375.6847331521
149.9,89381.7078234436
150,89387.6338372909
150.1,89393.462826116
150.2,89399.1948404656
150.3,89404.8299300135
150.4,89410.3681435626
150.5,89415.8095290479
150.6,89421.1541335383
150.7,89426.4020032391
150.8,89431.553183494
150.9,89436.6077187878
151,89441.5656527478
151.1,89446.4270281463
151.2,89451.1918869028
151.3,89455.8602700855
151.4,89460.4322179139
151.5,89464.90776976
151.6,89469.286964151
151.7,89473.5698387704
151.8,89477.75643046
151.9,89481.846775222
152,89485.8409082204
152.1,89489.7388637826
152.2,89493.5406754012
152.3,89497.2463757357
152.4,89500.8559966136
152.5,89504.3695690324
152.6,89507.7871231609
152.7,89511.1086883405
152.8,89514.3342930867
152.9,89517.4639650905
153,89520.4977312196
153.1,89523.4356175196
153.2,89526.2776492156
153.3,89529.0238507129
153.4,89531.6742455986
153.5,89534.2288566422
153.6,89536.6877057973
153.7,89539.0508142022
153.8,89541.3182021808
153.9,89543.4898892441
154,89545.5658940907
154.1,89547.5462346075
154.2,89549.4309278711
154.3,89551.2199901482
154.4,89552.9134368966
154.5,89554.5112827656
154.6,89556.0135415971
154.7,89557.4202264259
154.8,89558.7313494806
154.9,89559.946922184
155,89561.0669551536
155.1,89562.0914582024
155.2,89563.020440339
155.3,89563.8539097681
155.4,89564.5918738912
155.5,89565.2343393065
155.6,89565.7813118096
155.7,89566.2327963935
155.8,89566.588797249
155.9,89566.849317765
156,89567.0143605281
156.1,89567.0839273238
156.2,89567.0580191352
156.3,89566.9366361445
156.4,89566.7197777317
156.5,89566.4074424756
156.6,89565.9996281531
156.7,89565.4963317396
156.8,89564.8975494082
156.9,89564.2032765303
157,89563.4135076748
157.1,89562.5282366082
157.2,89561.5474562942
157.3,89560.4711588931
157.4,89559.2993357622
157.5,89558.0319774545
157.6,89556.6690737188
157.7,89555.2106134993
157.8,89553.6565849347
157.9,89552.006975358
158,89550.2617712957
158.1,89548.4209584672
158.2,89546.4845217845
158.3,89544.4524453508
158.4,89542.3247124605
158.5,89540.101305598
158.6,89537.7822064369
158.7,89535.3673958395
158.8,89532.8568538552
158.9,89530.2505597206
159,89527.5484918575
159.1,89524.7506278726
159.2,89521.8569445562
159.3,89518.8674178812
159.4,89515.7820230017
159.5,89512.6007342524
159.6,89509.3235251468
159.7,89505.9503683764
159.8,89502.4812358092
159.9,89498.9160984884
160,89495.2549266313
160.1,89491.4976896275
160.2,89487.6443560377
160.3,89483.6948935924
160.4,89479.6492691898
160.5,89475.5074488951
160.6,89471.2693979381
160.7,89466.9350807119
160.8,89462.5044607715
160.9,89457.9775008315
161,89453.3541627649
161.1,89448.6344076008
161.2,89443.8181955232
161.3,89438.9054858683
161.4,89433.8962371232
161.5,89428.7904069239
161.6,89423.5879520529
161.7,89418.2888284374
161.8,89412.8929911474
161.9,89407.400394393
162,89401.810991523
162.1,89396.1247350219
162.2,89390.3415765082
162.3,89384.4614667317
162.4,89378.4843555715
162.5,89372.4101920334
162.6,89366.2389242473
162.7,89359.970499465
162.8,89353.6048640577
162.9,89347.1419635131
163,89340.5817424331
163.1,89333.9241445308
163.2,89327.1691126281
163.3,89320.3165886529
163.4,89313.366513636
163.5,89306.3188277086
163.6,89299.1734700992
163.7,89291.9303791306
163.8,89284.5894922172
163.9,89277.1507458617
164,89269.6140756518
164.1,89261.9794162577
164.2,89254.2467014283
164.3,89246.4158639881
164.4,89238.4868358341
164.5,89230.4595479324
164.6,89222.3339303147
164.7,89214.1099120748
164.8,89205.7874213653
164.9,89197.366385394
165,89188.8467304202
165.1,89180.228381751
165.2,89171.511263738
165.3,89162.6952997729
165.4,89153.7804122842
165.5,89144.7665227333
165.6,89135.6535516103
165.7,89126.44141843
165.8,89117.1300417284
165.9,89107.719339058
166,89098.209226984
166.1,89088.59962108
166.2,89078.8904359237
166.3,89069.0815850928
166.4,89059.1729811602
166.5,89049.1645356901
166.6,89039.0561592331
166.7,89028.8477613219
166.8,89018.5392504664
166.9,89008.1305341494
167,88997.6215188215
167.1,88987.0121098968
167.2,88976.3022117473
167.3,88965.4917276987
167.4,88954.580560025
167.5,88943.5686099438
167.6,88932.4557776107
167.7,88921.2419621145
167.8,88909.9270614719
167.9,88898.5109726221
168,88886.9935914213
168.1,88875.3748126378
168.2,88863.6545299458
168.3,88851.8326359202
168.4,88839.909022031
168.5,88827.8835786373
168.6,88815.7561949819
168.7,88803.526759185
168.8,88791.1951582384
168.9,88778.761278
169,88766.2250031868
169.1,88753.5862173695
169.2,88740.844802966
169.3,88728.0006412349
169.4,88715.0536122697
169.5,88702.0035949916
169.6,88688.8504671434
169.7,88675.5941052829
169.8,88662.234384776
169.9,88648.7711797901
170,88635.2043632872
170.1,88621.5338070168
170.2,88607.759381509
170.3,88593.8809560676
170.4,88579.8983987625
170.5,88565.8115764226
170.6,88551.6203546287
170.7,88537.3245977056
170.8,88522.9241687148
170.9,88508.4189294468
171,88493.8087404136
171.1,88479.0934608403
171.2,88464.2729486581
171.3,88449.3470604954
171.4,88434.3156516702
171.5,88419.178576182
171.6,88403.9356867031
171.7,88388.5868345705
171.8,88373.1318697775
171.9,88357.5706409647
172,88341.902995412
172.1,88326.128779029
172.2,88310.2478363468
172.3,88294.2600105087
172.4,88278.1651432611
172.5,88261.9630749443
172.6,88245.6536444833
172.7,88229.2366893783
172.8,88212.7120456951
172.9,88196.0795480557
173,88179.3390296281
173.1,88162.490322117
173.2,88145.5332557534
173.3,88128.4676592846
173.4,88111.2933599638
173.5,88094.0101835404
173.6,88076.6179542487
173.7,88059.1164947979
173.8,88041.5056263611
173.9,88023.7851685646
174,88005.9549394769
174.1,87988.0147555975
174.2,87969.9644318459
174.3,87951.8037815501
174.4,87933.5326164352
174.5,87915.1507466114
174.6,87896.657980563
174.7,87878.0541251358
174.8,87859.3389855253
174.9,87840.5123652646
175,87821.5740662121
175.1,87802.5238885386
175.2,87783.3616307155
175.3,87764.0870895013
175.4,87744.7000599288
175.5,87725.2003352924
175.6,87705.5877071346
175.7,87685.8619652325
175.8,87666.0228975847
175.9,87646.070290397
176,87626.0039280689
176.1,87605.8235931798
176.2,87585.5290664741
176.3,87565.1201268476
176.4,87544.5965513323
176.5,87523.9581150822
176.6,87503.2045913582
176.7,87482.3357515127
176.8,87461.3513649752
176.9,87440.2511992358
177,87419.0350198305
177.1,87397.7025903249
177.2,87376.2536722983
177.3,87354.6880253274
177.4,87333.0054069703
177.5,87311.2055727493
177.6,87289.2882761349
177.7,87267.2532685278
177.8,87245.1002992427
177.9,87222.8291154903
178,87200.4394623599
178.1,87177.9310828013
178.2,87155.3037176071
178.3,87132.5571053941
178.4,87109.6909825853
178.5,87086.7050833905
178.6,87063.5991397876
178.7,87040.3728815038
178.8,87017.0260359957
178.9,86993.5583284296
179,86969.9694816619
179.1,86946.2592162188
179.2,86922.4272502758
179.3,86898.4732996372
179.4,86874.397077715
179.5,86850.1982955078
179.6,86825.8766615792
179.7,86801.4318820364
179.8,86776.8636605079
179.9,86752.1716981214
180,86727.3556934812
180.1,86702.415342645
180.2,86677.3503391016
180.3,86652.1603737466
180.4,86626.8451348592
180.5,86601.404308078
180.6,86575.8375763766
180.7,86550.1446200392
180.8,86524.3251166354
180.9,86498.3787409949
181,86472.3051651822
181.1,86446.1040584703
181.2,86419.7750873145
181.3,86393.3179153262
181.4,86366.7322032452
181.5,86340.017608913
181.6,86313.1737872449
181.7,86286.200390202
181.8,86259.0970667628
181.9,86231.8634628943
182,86204.4992215232
182.1,86177.003982506
182.2,86149.3773825991
182.3,86121.619055429
182.4,86093.7286314607
182.5,86065.7057379675
182.6,86037.5499989985
182.7,86009.2610353477
182.8,85980.8384645205
182.9,85952.2819007017
183,85923.590954722
183.1,85894.765234024
183.2,85865.8043426283
183.3,85836.7078810987
183.4,85807.4754465074
183.5,85778.106632399
183.6,85748.6010287545
183.7,85718.958221955
183.8,85689.1777947444
183.9,85659.2593261918
184,85629.2023916536
184.1,85599.0065627344
184.2,85568.6714072486
184.3,85538.1964891799
184.4,85507.5813686414
184.5,85476.8256018349
184.6,85445.9287410094
184.7,85414.8903344187
184.8,85383.7099262796
184.9,85352.3870567281
185,85320.9212617759
185.1,85289.3120732658
185.2,85257.5590188269
185.3,85225.6616218289
185.4,85193.6194013354
185.5,85161.4318720574
185.6,85129.0985443051
185.7,85096.6189239402
185.8,85063.9925123263
185.9,85031.218806279
186,84998.297298016
186.1,84965.2274751055
186.2,84932.0088204142
186.3,84898.6408120546
186.4,84865.1229233313
186.5,84831.4546226873
186.6,84797.6353736479
186.7,84763.6646347658
186.8,84729.5418595635
186.9,84695.2664964761
187,84660.8379887928
187.1,84626.2557745974
187.2,84591.5192867083
187.3,84556.6279526169
187.4,84521.581194426
187.5,84486.3784287865
187.6,84451.0190668334
187.7,84415.502514121
187.8,84379.8281705569
187.9,84343.9954303347
188,84308.0036818666
188.1,84271.8523077137
188.2,84235.5406845163
188.3,84199.0681829226
188.4,84162.4341675163
188.5,84125.6379967429
188.6,84088.6790228357
188.7,84051.5565917394
188.8,84014.2700430335
188.9,83976.8187098536
189,83939.2019188126
189.1,83901.4189899196
189.2,83863.4692364977
189.3,83825.3519651013
189.4,83787.0664754306
189.5,83748.6120602463
189.6,83709.9880052816
189.7,83671.1935891537
189.8,83632.2280832736
189.9,83593.0907517536
190,83553.7808513149
190.1,83514.2976311922
190.2,83474.6403330376
190.3,83434.8081908223
190.4,83394.8004307371
190.5,83354.6162710915
190.6,83314.25492221
190.7,83273.7155863278
190.8,83232.9974574844
190.9,83192.0997214152
191,83151.021555441
191.1,83109.7621283567
191.2,83068.3206003169
191.3,83026.69612272
191.4,82984.8878380907
191.5,82942.8948799596
191.6,82900.7163727418
191.7,82858.3514316122
191.8,82815.7991623795
191.9,82773.0586613579
192,82730.1290152361
192.1,82687.0093009441
192.2,82643.6985855182
192.3,82600.1959259629
192.4,82556.5003691107
192.5,82512.6109514792
192.6,82468.5266991261
192.7,82424.2466275005
192.8,82379.7697412933
192.9,82335.0950342826
193,82290.2214891785
193.1,82245.1480774635
193.2,82199.8737592308
193.3,82154.397483019
193.4,82108.7181856445
193.5,82062.83479203
193.6,82016.7462150305
193.7,81970.4513552552
193.8,81923.9491008871
193.9,81877.2383274985
194,81830.3178978629
194.1,81783.1866617637
194.2,81735.8434557995
194.3,81688.2871031846
194.4,81640.516413547
194.5,81592.5301827214
194.6,81544.327192539
194.7,81495.9062106124
194.8,81447.2659901173
194.9,81398.4052695689
195,81349.3227725943
195.1,81300.017207701
195.2,81250.4872680397
195.3,81200.7316311631
195.4,81150.7489587795
195.5,81100.5378965022
195.6,81050.0970735923
195.7,80999.4251026982
195.8,80948.5205795882
195.9,80897.3820828786
196,80846.0081737557
196.1,80794.3973956922
196.2,80742.548274158
196.3,80690.4593163246
196.4,80638.1290107635
196.5,80585.5558271382
196.6,80532.73821589
196.7,80479.6746079163
196.8,80426.3634142436
196.9,80372.8030256917
197,80318.991812532
197.1,80264.9281241382
197.2,80210.6102886288
197.3,80156.0366125026
197.4,80101.205380266
197.5,80046.1148540517
197.6,79990.7632732299
197.7,79935.1488540098
197.8,79879.2697890333
197.9,79823.1242469586
198,79766.7103720356
198.1,79710.0262836705
198.2,79653.0700759817
198.3,79595.8398173447
198.4,79538.3335499268
198.5,79480.5492892119
198.6,79422.485023513
198.7,79364.1387134745
198.8,79305.5082915622
198.9,79246.5916615421
199,79187.386697946
199.1,79127.8912455253
199.2,79068.1031186911
199.3,79008.0201009419
199.4,78947.6399442766
199.5,78886.9603685935
199.6,78825.9790610757
199.7,78764.6936755602
199.8,78703.1018318922
199.9,78641.201115264
200,78578.9890755364
