0,0.119551843625321
0.1,0.358941411011823
0.2,0.718455313525716
0.3,1.19838089624633
0.4,1.7990062404594
0.5,2.520620166161
0.6,3.36351223457206
0.7,4.32797275066361
0.8,5.41429276569281
0.9,6.62276407974977
1,7.95367924431522
1.1,9.40733156482912
1.2,10.9840151032703
1.3,12.684024680747
1.4,14.5076558800986
1.5,16.4552050485086
1.6,18.5269693001288
1.7,20.723246518714
1.8,23.0443353602696
1.9,25.490535255709
2,28.0621464135231
2.1,30.7594698224619
2.2,33.5828072542261
2.3,36.5324612661722
2.4,39.6087352040276
2.5,42.8119332046187
2.6,46.14236019861
2.7,49.6003219132556
2.8,53.1861248751619
2.9,56.9000764130633
3,60.7424846606093
3.1,64.7136585591633
3.2,68.8139078606148
3.3,73.0435431302028
3.4,77.4028757493518
3.5,81.8922179185202
3.6,86.5118826600613
3.7,91.2621838210964
3.8,96.1434360764008
3.9,101.155954931303
4,106.300056724593
4.1,111.576058631452
4.2,116.984278666383
4.3,122.525035686164
4.4,128.19864939281
4.5,134.005440336548
4.6,139.945729918808
4.7,146.019840395222
4.8,152.22809487864
4.9,158.57081734216
5,165.048332622169
5.1,171.660966421398
5.2,178.409045311992
5.3,185.292896738589
5.4,192.312849021424
5.5,199.469231359427
5.6,206.762373833359
5.7,214.192607408942
5.8,221.760263940011
5.9,229.465676171683
6,237.309177743534
6.1,245.291103192795
6.2,253.411787957557
6.3,261.671568379996
6.4,270.07078170961
6.5,278.609766106467
6.6,287.288860644478
6.7,296.108405314669
6.8,305.068741028483
6.9,314.170209621086
7,323.413153854696
7.1,332.797917421919
7.2,342.324844949107
7.3,351.994281999725
7.4,361.80657507774
7.5,371.762071631022
7.6,381.861120054755
7.7,392.104069694874
7.8,402.491270851508
7.9,413.023074782447
8,423.699833706617
8.1,434.521900807575
8.2,445.48963023702
8.3,456.60337711832
8.4,467.86349755005
8.5,479.270348609555
8.6,490.824288356523
8.7,502.525675836576
8.8,514.374871084875
8.9,526.372235129748
9,538.518129996327
9.1,550.812918710207
9.2,563.256965301119
9.3,575.850634806622
9.4,588.594293275809
9.5,601.488307773033
9.6,614.533046381647
9.7,627.728878207769
9.8,641.07617338405
9.9,654.575303073475
10,668.226639473171
10.1,682.030555818238
10.2,695.987426385595
10.3,710.097626497845
10.4,724.361532527155
10.5,738.779521899164
10.6,753.351973096894
10.7,768.079265664691
10.8,782.96178021218
10.9,797.999898418238
11,813.194003034988
11.1,828.544477891809
11.2,844.051707899364
11.3,859.716079053654
11.4,875.537978440078
11.5,891.517794237529
11.6,907.65591572249
11.7,923.952733273167
11.8,940.40863837363
11.9,957.024023617978
12,973.79928271452
12.1,990.734810489984
12.2,1007.83100289373
12.3,1025.08825700202
12.4,1042.50697102223
12.5,1060.0875442972
12.6,1077.83037730947
12.7,1095.73587168565
12.8,1113.80443020077
12.9,1132.03645678259
13,1150.43235651606
13.1,1168.99253564766
13.2,1187.71740158988
13.3,1206.60736292563
13.4,1225.66282941273
13.5,1244.88421198841
13.6,1264.2719227738
13.7,1283.82637507848
13.8,1303.54798340504
13.9,1323.43716345364
14,1343.49433212663
14.1,1363.71990753316
14.2,1384.11430899383
14.3,1404.67795704534
14.4,1425.41127344523
14.5,1446.31468117654
14.6,1467.38860445254
14.7,1488.63346872153
14.8,1510.04970067162
14.9,1531.63772823548
15,1553.39798059523
15.1,1575.33088818723
15.2,1597.43688270701
15.3,1619.71639711415
15.4,1642.16986563718
15.5,1664.79772377855
15.6,1687.60040831959
15.7,1710.5783573255
15.8,1733.7320101504
15.9,1757.0618074423
16,1780.56819114827
16.1,1804.25160451943
16.2,1828.11249211615
16.3,1852.15129981313
16.4,1876.36847480463
16.5,1900.76446560959
16.6,1925.33972207692
16.7,1950.09469539069
16.8,1975.02983807543
16.9,2000.14560400144
17,2025.44244839005
17.1,2050.92082781906
17.2,2076.58120022803
17.3,2102.42402492374
17.4,2128.44976258558
17.5,2154.65887527105
17.6,2181.05182642119
17.7,2207.62908086613
17.8,2234.39110483063
17.9,2261.33836593961
18,2288.47133322377
18.1,2315.79047712522
18.2,2343.29626950309
18.3,2370.98918363925
18.4,2398.869694244
18.5,2426.9382774618
18.6,2455.19541087703
18.7,2483.6415735198
18.8,2512.27724587177
18.9,2541.10290987196
19,2570.11904892271
19.1,2599.3261478955
19.2,2628.72469313696
19.3,2658.31517247481
19.4,2688.09807522385
19.5,2718.07389219202
19.6,2748.24311568645
19.7,2778.60623951953
19.8,2809.16375901508
19.9,2839.91617101444
20,2870.86397388272
20.1,2902.00766751498
20.2,2933.3477533425
20.3,2964.88473433902
20.4,2996.61911502711
20.5,3028.55140148449
20.6,3060.68210135037
20.7,3093.01172383194
20.8,3125.54077971074
20.9,3158.26978134919
21,3191.19924269705
21.1,3224.32967929801
21.2,3257.66160829624
21.3,3291.19554844301
21.4,3324.93202010335
21.5,3358.87154526268
21.6,3393.01464753359
21.7,3427.36185216254
21.8,3461.91368603668
21.9,3496.67067769064
22,3531.63335731339
22.1,3566.80225675516
22.2,3602.17790953432
22.3,3637.76085084438
22.4,3673.55161756098
22.5,3709.55074824892
22.6,3745.75878316923
22.7,3782.17626428629
22.8,3818.80373527496
22.9,3855.64174152779
23,3892.69083016223
23.1,3929.95155002788
23.2,3967.42445171379
23.3,4005.11008755582
23.4,4043.00901164398
23.5,4081.12177982989
23.6,4119.44894973419
23.7,4157.99108075405
23.8,4196.74873407071
23.9,4235.72247265704
24,4274.91286128519
24.1,4314.32046653417
24.2,4353.94585679761
24.3,4393.78960229149
24.4,4433.85227506188
24.5,4474.13444899277
24.6,4514.63669981397
24.7,4555.35960510896
24.8,4596.30374432286
24.9,4637.46969877041
25,4678.85805164402
25.1,4720.46938802181
25.2,4762.30429487573
25.3,4804.36336107976
25.4,4846.64717741808
25.5,4889.15633659331
25.6,4931.89143323484
25.7,4974.85306390714
25.8,5018.04182711813
25.9,5061.45832332766
26,5105.10315495593
26.1,5148.97692639204
26.2,5193.08024400257
26.3,5237.41371614013
26.4,5281.9779531521
26.5,5326.7735673893
26.6,5371.80117321472
26.7,5417.06138701237
26.8,5462.55482719611
26.9,5508.28211421855
27,5554.24387057999
27.1,5600.44072083744
27.2,5646.87329161364
27.3,5693.54221160618
27.4,5740.44811159664
27.5,5787.59162445978
27.6,5834.97338517281
27.7,5882.59403082463
27.8,5930.45420062529
27.9,5978.55453591527
28,6026.89568017503
28.1,6075.47827903445
28.2,6124.30298028246
28.3,6173.37043387658
28.4,6222.68129195263
28.5,6272.23620883445
28.6,6322.03584104367
28.7,6372.08084730953
28.8,6422.37188857877
28.9,6472.9096280256
29,6523.69473106163
29.1,6574.72786534599
29.2,6626.00970079541
29.3,6677.54090959438
29.4,6729.32216620539
29.5,6781.35414737919
29.6,6833.63753216514
29.7,6886.17300192163
29.8,6938.96124032648
29.9,6992.00293338752
30,7045.29876945312
30.1,7098.84943922284
30.2,7152.65563575812
30.3,7206.71805449307
30.4,7261.03739324523
30.5,7315.61435222649
30.6,7370.44963405402
30.7,7425.54394376128
30.8,7480.89798880909
30.9,7536.51247909674
31,7592.38812697321
31.1,7648.5256472484
31.2,7704.9257572045
31.3,7761.58917660733
31.4,7818.51662771783
31.5,7875.70883530355
31.6,7933.16652665027
31.7,7990.89043157363
31.8,8048.88128243086
31.9,8107.13981413257
32,8165.66676415462
32.1,8224.46287255002
32.2,8283.52888196096
32.3,8342.86553763084
32.4,8402.47358741643
32.5,8462.3537818001
32.6,8522.50687390205
32.7,8582.93361949268
32.8,8643.63477700503
32.9,8704.61110754726
33,8765.86337491524
33.1,8827.39234560516
33.2,8889.19878882626
33.3,8951.28347651366
33.4,9013.64718334118
33.5,9076.29068673429
33.6,9139.21476688316
33.7,9202.42020675576
33.8,9265.90779211098
33.9,9329.67831151196
34,9393.73255633936
34.1,9458.07132080482
34.2,9522.69540196442
34.3,9587.60559973226
34.4,9652.80271689413
34.5,9718.28755912123
34.6,9784.06093498398
34.7,9850.12365596596
34.8,9916.47653647785
34.9,9983.1203938715
35,10050.0560484541
35.1,10117.2843235025
35.2,10184.8060452773
35.3,10252.6220430375
35.4,10320.733149055
35.5,10389.1401986288
35.6,10457.8440301003
35.7,10526.8454848675
35.8,10596.1454074002
35.9,10665.7446452547
36,10735.6440490892
36.1,10805.8444726785
36.2,10876.3467729293
36.3,10947.1518098959
36.4,11018.2604467949
36.5,11089.6735500217
36.6,11161.3919891649
36.7,11233.4166370229
36.8,11305.7483696195
36.9,11378.3880662194
37,11451.3366093446
37.1,11524.5948847902
37.2,11598.1637816409
37.3,11672.044192287
37.4,11746.2370124408
37.5,11820.7431411531
37.6,11895.56348083
37.7,11970.6989372493
37.8,12046.1504195775
37.9,12121.9188403865
38,12198.0051156708
38.1,12274.4101648644
38.2,12351.1349108583
38.3,12428.1802800173
38.4,12505.5472021983
38.5,12583.2366107669
38.6,12661.2494426156
38.7,12739.5866381815
38.8,12818.2491414639
38.9,12897.2379000429
39,12976.5538650966
39.1,13056.1979914201
39.2,13136.1712374436
39.3,13216.4745652505
39.4,13297.1089405964
39.5,13378.0753329278
39.6,13459.3747154005
39.7,13541.0080648988
39.8,13622.9763620545
39.9,13705.2805912661
40,13787.9217407181
40.1,13870.9008024001
40.2,13954.2187721268
40.3,14037.8766495575
40.4,14121.8754382156
40.5,14206.2161455089
40.6,14290.8997827495
40.7,14375.9273651739
40.8,14461.2999119634
40.9,14547.0184462644
41,14633.0839952092
41.1,14719.4975899365
41.2,14806.2602656122
41.3,14893.3730614505
41.4,14980.8370207352
41.5,15068.6531908404
41.6,15156.8226232523
41.7,15245.3463735907
41.8,15334.2255016305
41.9,15423.4610713237
42,15513.0541508209
42.1,15603.0058124943
42.2,15693.3171329588
42.3,15783.9891930952
42.4,15875.0230780727
42.5,15966.4198773711
42.6,16058.1806848038
42.7,16150.3065985413
42.8,16242.7987211335
42.9,16335.6581595338
43,16428.8860251218
43.1,16522.4834337275
43.2,16616.4515056548
43.3,16710.7913657054
43.4,16805.504143203
43.5,16900.5909720172
43.6,16996.0529905885
43.7,17091.8913419524
43.8,17188.1071737642
43.9,17284.701638324
44,17381.6758926019
44.1,17479.0310982627
44.2,17576.768421692
44.3,17674.8890340214
44.4,17773.3941111541
44.5,17872.2848337912
44.6,17971.5623874577
44.7,18071.2279625285
44.8,18171.2827542552
44.9,18271.7279627926
45,18372.5647932257
45.1,18473.7944555962
45.2,18575.4181649304
45.3,18677.4371412659
45.4,18779.8526096797
45.5,18882.6658003158
45.6,18985.8779484128
45.7,19089.4902943326
45.8,19193.5040835884
45.9,19297.9205668734
46,19402.7410000891
46.1,19507.966644375
46.2,19613.5987661369
46.3,19719.6386370771
46.4,19826.0875342229
46.5,19932.9467399574
46.6,20040.2175420487
46.7,20147.9012336804
46.8,20255.999113482
46.9,20364.5124855592
47,20473.442659525
47.1,20582.7909505307
47.2,20692.5586792969
47.3,20802.7471721453
47.4,20913.3577610298
47.5,21024.3917835694
47.6,21135.8505830791
47.7,21247.7355086035
47.8,21360.0479149482
47.9,21472.7891627136
48,21585.9606183274
48.1,21699.5636540781
48.2,21813.5996481485
48.3,21928.0699846495
48.4,22042.9760536538
48.5,22158.3192512308
48.6,22274.1009794805
48.7,22390.3226465685
48.8,22506.9856667611
48.9,22624.0914604603
49,22741.6414542396
49.1,22859.6370808795
49.2,22978.0797794036
49.3,23096.9709951152
49.4,23216.3121796333
49.5,23336.10479093
49.6,23456.3502933671
49.7,23577.0501577336
49.8,23698.2058612837
49.9,23819.8188877741
50,23941.8907275027
50.1,24064.4228773469
50.2,24187.4168408021
50.3,24310.8741280211
50.4,24434.7962558533
50.5,24559.1847478842
50.6,24684.0411344757
50.7,24809.3669528056
50.8,24935.1637469089
50.9,25061.4330677179
51,25188.176473104
51.1,25315.3955279184
51.2,25443.0918040346
51.3,25571.2668803897
51.4,25699.9223430272
51.5,25829.0597851395
51.6,25958.6808071111
51.7,26088.7870165616
51.8,26219.3800283897
51.9,26350.4614648168
52,26482.0329554316
52.1,26614.0961372347
52.2,26746.6526546833
52.3,26879.7041597371
52.4,27013.2523119032
52.5,27147.2987782828
52.6,27281.8452336172
52.7,27416.8933603347
52.8,27552.4448485974
52.9,27688.5013963491
53,27825.0647093627
53.1,27962.1365012884
53.2,28099.7184937026
53.3,28237.8124161563
53.4,28376.420006225
53.5,28515.5430095578
53.6,28655.1831799278
53.7,28795.3422792825
53.8,28936.0220777944
53.9,29077.2243539127
54,29218.9508944147
54.1,29361.2034944576
54.2,29503.9839576314
54.3,29647.2940960114
54.4,29791.1357302117
54.5,29935.5106894388
54.6,30080.4208115458
54.7,30225.8679430867
54.8,30371.8539393718
54.9,30518.3806645227
55,30665.4499915283
55.1,30813.0638023012
55.2,30961.2239877344
55.3,31109.9324477583
55.4,31259.1910913986
55.5,31409.0018368342
55.6,31559.366611456
55.7,31710.2873519257
55.8,31861.7660042356
55.9,32013.8045237683
56,32166.4048753574
56.1,32319.5690333482
56.2,32473.2989816596
56.3,32627.5967138456
56.4,32782.4642331581
56.5,32937.9035526095
56.6,33093.9166950367
56.7,33250.5056931646
56.8,33407.6725896709
56.9,33565.4194372509
57,33723.7482986833
57.1,33882.6612468965
57.2,34042.1603650345
57.3,34202.2477465251
57.4,34362.9254951469
57.5,34524.1957250979
57.6,34686.0605610644
57.7,34848.5221382904
57.8,35011.5826026478
57.9,35175.2441107065
58,35339.5088298064
58.1,35504.3789381283
58.2,35669.8566247671
58.3,35835.9440898042
58.4,36002.6435443815
58.5,36169.9572107753
58.6,36337.8873224714
58.7,36506.4361242405
58.8,36675.6058722143
58.9,36845.3988339622
59,37015.817288569
59.1,37186.8635267123
59.2,37358.5398507421
59.3,37530.8485747595
59.4,37703.7920246971
59.5,37877.3725383996
59.6,38051.5924657056
59.7,38226.4541685293
59.8,38401.9600209433
59.9,38578.1124092627
60,38754.913732129
60.1,38932.366400595
60.2,39110.472838211
60.3,39289.2354811107
60.4,39468.6567780988
60.5,39648.739190739
60.6,39829.4851934425
60.7,40010.8972735579
60.8,40192.9779314611
60.9,40375.7296806467
61,40559.1550478198
61.1,40743.2565729885
61.2,40928.0368095579
61.3,41113.4983244238
61.4,41299.6436980687
61.5,41486.4755246568
61.6,41673.9964121317
61.7,41862.2089823137
61.8,42051.1158709987
61.9,42240.7197280571
62,42431.0232175349
62.1,42622.0290177544
62.2,42813.7398214165
62.3,43006.1583357038
62.4,43199.2872823846
62.5,43393.1293979179
62.6,43587.6874335591
62.7,43782.9641554671
62.8,43978.9623448117
62.9,44175.6847978828
63,44373.1343261997
63.1,44571.3137566226
63.2,44770.2259314634
63.3,44969.8737085993
63.4,45170.2599615861
63.5,45371.3875797736
63.6,45573.2594684207
63.7,45775.8785488134
63.8,45979.2477583819
63.9,46183.3700508205
64,46388.2483962072
64.1,46593.8857811257
64.2,46800.2852087875
64.3,47007.4496991555
64.4,47215.382289069
64.5,47424.0860323695
64.6,47633.5640000279
64.7,47843.8192802727
64.8,48054.8549787196
64.9,48266.6742185024
65,48479.2801404046
65.1,48692.6759029927
65.2,48906.8646827511
65.3,49121.8496742171
65.4,49337.6340901187
65.5,49554.2211615124
65.6,49771.6141379231
65.7,49989.8162874848
65.8,50208.8308970835
65.9,50428.6612725002
66,50649.3107385565
66.1,50870.7826392609
66.2,51093.0803379565
66.3,51316.2072174706
66.4,51540.1666802654
66.5,51764.9621485901
66.6,51990.5970646344
66.7,52217.0748906843
66.8,52444.3991092782
66.9,52672.5732233654
67,52901.6007564659
67.1,53131.4852528316
67.2,53362.2302776094
67.3,53593.8394170057
67.4,53826.3162784524
67.5,54059.6644907749
67.6,54293.8877043615
67.7,54528.9895913344
67.8,54764.9738457229
67.9,55001.8441836375
68,55239.6043434467
68.1,55478.2580859547
68.2,55717.8091945814
68.3,55958.261475544
68.4,56199.6187580408
68.5,56441.8848944361
68.6,56685.0637604476
68.7,56929.1592553356
68.8,57174.175302094
68.9,57420.1158476432
69,57666.984863025
69.1,57914.7863435997
69.2,58163.5243092449
69.3,58413.2028045565
69.4,58663.8258990519
69.5,58915.3976873748
69.6,59167.9222895028
69.7,59421.4038509566
69.8,59675.8465430116
69.9,59931.2545629117
70,60187.6321340852
70.1,60444.983506363
70.2,60703.3129561993
70.3,60962.6247868942
70.4,61222.9233288189
70.5,61484.2129396434
70.6,61746.4980045661
70.7,62009.7829365463
70.8,62274.0721765391
70.9,62539.3701937324
71,62805.6814857871
71.1,63073.0105790791
71.2,63341.3620289442
71.3,63610.740419926
71.4,63881.1503660259
71.5,64152.596510956
71.6,64425.0835283947
71.7,64698.616122245
71.8,64973.1990268959
71.9,65248.8370074861
72,65525.5348601711
72.1,65803.2974123925
72.2,66082.1295231515
72.3,66362.0360832837
72.4,66643.0220157384
72.5,66925.0922758598
72.6,67208.2518516724
72.7,67492.5057641687
72.8,67777.8590676002
72.9,68064.316849772
73,68351.8842323406
73.1,68640.5663711142
73.2,68930.3684563579
73.3,69221.2957131006
73.4,69513.3534014466
73.5,69806.54681689
73.6,70100.8812906331
73.7,70396.3621899081
73.8,70692.994918302
73.9,70990.7849160865
74,71289.7376605501
74.1,71589.8586663351
74.2,71891.1534857778
74.3,72193.6277092528
74.4,72497.2869655213
74.5,72802.1369220834
74.6,73108.1832855344
74.7,73415.431801925
74.8,73723.8882571259
74.9,74033.5584771969
75,74344.4483287595
75.1,74656.5637193746
75.2,74969.9105979241
75.3,75284.4949549974
75.4,75600.3228232819
75.5,75917.4002779587
75.6,76235.7334371023
75.7,76555.3284620854
75.8,76876.1915579887
75.9,77198.328974015
76,77521.7470039085
76.1,77846.4519863793
76.2,78172.4503055326
76.3,78499.7483913033
76.4,78828.3527198956
76.5,79158.2698142282
76.6,79489.5062443843
76.7,79822.0686280679
76.8,80155.9636310646
76.9,80491.1979677089
77,80827.7784013568
77.1,81165.7117448638
77.2,81505.0048610696
77.3,81845.6646632879
77.4,82187.6981158029
77.5,82531.1122343712
77.6,82875.9140867306
77.7,83222.1107931149
77.8,83569.7095267749
77.9,83918.7175145061
78,84269.1420371832
78.1,84620.9904303007
78.2,84974.2700845208
78.3,85328.9884462279
78.4,85685.1530180904
78.5,86042.771359629
78.6,86401.8510877928
78.7,86762.3998775427
78.8,87124.4254624416
78.9,87487.9356352528
79,87852.9382485457
79.1,88219.4412153093
79.2,88587.452509574
79.3,88956.9801670407
79.4,89328.0322857185
79.5,89700.6170265706
79.6,90074.7426141687
79.7,90450.4173373554
79.8,90827.6495499162
79.9,91206.4476712591
80,91586.8201871043
80.1,91968.7756501822
80.2,92352.3226809405
80.3,92737.4699682619
80.4,93124.2262701894
80.5,93512.6004146631
80.6,93902.6013002655
80.7,94294.2378969774
80.8,94687.5192469439
80.9,95082.4544652506
81,95479.0527407101
81.1,95877.3233366595
81.2,96277.2755917684
81.3,96678.9189208581
81.4,97082.2628157319
81.5,97487.3168460164
81.6,97894.0906600149
81.7,98302.5939855725
81.8,98712.8366309524
81.9,99124.8284857249
82,99538.5795216692
82.1,99954.0997936862
82.2,100371.399440726
82.3,100790.488686726
82.4,101211.377841565
82.5,101634.077302028
82.6,102058.597552787
82.7,102484.949167393
82.8,102913.142809283
82.9,103343.189232806
83,103775.099284253
83.1,104208.883902913
83.2,104644.554122139
83.3,105082.121070427
83.4,105521.595972514
83.5,105962.990150492
83.6,106406.315024939
83.7,106851.582116058
83.8,107298.803044848
83.9,107747.989534277
84,108199.153410479
84.1,108652.306603974
84.2,109107.461150891
84.3,109564.629194227
84.4,110023.822985112
84.5,110485.054884094
84.6,110948.337362451
84.7,111413.683003518
84.8,111881.104504027
84.9,112350.614675481
85,112822.226445538
85.1,113295.952859419
85.2,113771.807081341
85.3,114249.802395965
85.4,114729.952209873
85.5,115212.270053063
85.6,115696.76958047
85.7,116183.464573505
85.8,116672.36894163
85.9,117163.496723939
86,117656.862090785
86.1,118152.479345411
86.2,118650.362925625
86.3,119150.52740549
86.4,119652.987497044
86.5,120157.758052049
86.6,120664.854063762
86.7,121174.290668746
86.8,121686.083148693
86.9,122200.246932291
87,122716.797597117
87.1,123235.750871553
87.2,123757.122636745
87.3,124280.928928585
87.4,124807.185939728
87.5,125335.910021642
87.6,125867.117686695
87.7,126400.82561027
87.8,126937.050632916
87.9,127475.809762545
88,128017.120176646
88.1,128560.999224557
88.2,129107.464429758
88.3,129656.533492215
88.4,130208.224290755
88.5,130762.554885484
88.6,131319.543520248
88.7,131879.208625133
88.8,132441.56881901
88.9,133006.642912122
89,133574.449908715
89.1,134145.009009714
89.2,134718.339615451
89.3,135294.461328434
89.4,135873.393956164
89.5,136455.157514005
89.6,137039.772228105
89.7,137627.258538364
89.8,138217.637101458
89.9,138810.928793914
90,139407.154715244
90.1,140006.336191128
90.2,140608.494776665
90.3,141213.652259667
90.4,141821.83066403
90.5,142433.052253152
90.6,143047.339533421
90.7,143664.715257763
90.8,144285.202429256
90.9,144908.824304814
91,145535.604398932
91.1,146165.566487507
91.2,146798.734611723
91.3,147435.133082021
91.4,148074.786482126
91.5,148717.719673166
91.6,149363.957797856
91.7,150013.526284772
91.8,150666.450852699
91.9,151322.757515065
92,151982.472584457
92.1,152645.62267723
92.2,153312.2347182
92.3,153982.335945428
92.4,154655.953915099
92.5,155333.116506496
92.6,156013.851927073
92.7,156698.188717625
92.8,157386.155757559
92.9,158077.782270277
93,158773.097828659
93.1,159472.132360658
93.2,160174.916155008
93.3,160881.479867049
93.4,161591.854524663
93.5,162306.071534341
93.6,163024.162687366
93.7,163746.160166124
93.8,164472.09655055
93.9,165202.004824698
94,165935.918383459
94.1,166673.871039409
94.2,167415.897029805
94.3,168162.03102373
94.4,168912.308129382
94.5,169666.763901525
94.6,170425.434349095
94.7,171188.355942968
94.8,171955.565623897
94.9,172727.10081062
95,173502.999408139
95.1,174283.299816188
95.2,175068.040937876
95.3,175857.262188531
95.4,176651.003504723
95.5,177449.305353508
95.6,178252.208741855
95.7,179059.755226301
95.8,179871.986922816
95.9,180688.946516887
96,181510.677273837
96.1,182337.223049374
96.2,183168.628300384
96.3,184004.938095968
96.4,184846.198128739
96.5,185692.454726374
96.6,186543.754863441
96.7,187400.146173501
96.8,188261.67696149
96.9,189128.396216399
97,190000.353624251
97.1,190877.59958139
97.2,191760.185208085
97.3,192648.162362466
97.4,193541.58365479
97.5,194440.502462061
97.6,195344.972943
97.7,196255.050053392
97.8,197170.789561795
97.9,198092.248065659
98,199019.483007826
98.1,199952.55269346
98.2,200891.51630739
98.3,201836.4339319
98.4,202787.366564963
98.5,203744.376138951
98.6,204707.525539813
98.7,205676.878626759
98.8,206652.500252446
98.9,207634.456283694
99,208622.813622745
99.1,209617.640229084
99.2,210619.005141828
99.3,211626.978502725
99.4,212641.631579759
99.5,213663.036791391
99.6,214691.26773146
99.7,215726.399194761
99.8,216768.507203313
99.9,217817.669033366
100,218866.739069837
100.1,219915.717341955
100.2,220964.603878932
100.3,222013.398709962
100.4,223062.101864224
100.5,224110.713370881
100.6,225159.233259078
100.7,226207.661557944
100.8,227255.998296592
100.9,228304.243504119
101,229352.397209605
101.1,230400.459442114
101.2,231448.430230692
101.3,232496.30960437
101.4,233544.097592164
101.5,234591.79422307
101.6,235639.399526072
101.7,236686.913530135
101.8,237734.336264207
101.9,238781.667757223
102,239828.908038098
102.1,240876.057135733
102.2,241923.115079012
102.3,242970.081896804
102.4,244016.957617959
102.5,245063.742271314
102.6,246110.435885687
102.7,247157.038489883
102.8,248203.550112687
102.9,249249.970782871
103,250296.300529189
103.1,251342.539380381
103.2,252388.687365167
103.3,253434.744512255
103.4,254480.710850335
103.5,255526.586408081
103.6,256572.371214151
103.7,257618.065297187
103.8,258663.668685816
103.9,259709.181408646
104,260754.603494272
104.1,261799.934971272
104.2,262845.175868209
104.3,263890.326213627
104.4,264935.386036057
104.5,265980.355364012
104.6,267025.234225992
104.7,268070.022650479
104.8,269114.720665937
104.9,270159.328300819
105,271203.845583558
105.1,272248.272542574
105.2,273292.609206268
105.3,274336.855603028
105.4,275381.011761225
105.5,276425.077709214
105.6,277469.053475334
105.7,278512.93908791
105.8,279556.734575249
105.9,280600.439965643
106,281644.055287369
106.1,282687.580568686
106.2,283731.015837841
106.3,284774.361123061
106.4,285817.616452561
106.5,286860.781854539
106.6,287903.857357175
106.7,288946.842988637
106.8,289989.738777076
106.9,291032.544750625
107,292075.260937406
107.1,293117.887365521
107.2,294160.424063059
107.3,295202.871058092
107.4,296245.228378677
107.5,297287.496052856
107.6,298329.674108654
107.7,299371.762574083
107.8,300413.761477136
107.9,301455.670845793
108,302497.490708018
108.1,303539.221091759
108.2,304580.862024949
108.3,305622.413535504
108.4,306663.875651327
108.5,307705.248400305
108.6,308746.531810307
108.7,309787.725909191
108.8,310828.830724794
108.9,311869.846284944
109,312910.772617448
109.1,313951.6097501
109.2,314992.35771068
109.3,316033.016526951
109.4,317073.586226659
109.5,318114.066837539
109.6,319154.458387306
109.7,320194.760903663
109.8,321234.974414297
109.9,322275.098946879
110,323315.134529066
110.1,324355.081188496
110.2,325394.938952798
110.3,326434.70784958
110.4,327474.387906438
110.5,328513.979150952
110.6,329553.481610687
110.7,330592.895313192
110.8,331632.220286001
110.9,332671.456556634
111,333710.604152595
111.1,334749.663101373
111.2,335788.633430441
111.3,336827.515167259
111.4,337866.308339269
111.5,338905.012973901
111.6,339943.629098567
111.7,340982.156740667
111.8,342020.595927583
111.9,343058.946686684
112,344097.209045323
112.1,345135.383030839
112.2,346173.468670554
112.3,347211.465991776
112.4,348249.3750218
112.5,349287.195787903
112.6,350324.928317348
112.7,351362.572637384
112.8,352400.128775245
112.9,353437.596758149
113,354474.976613299
113.1,355512.268367884
113.2,356549.472049079
113.3,357586.587684042
113.4,358623.615299916
113.5,359660.554923832
113.6,360697.406582904
113.7,361734.170304231
113.8,362770.846114898
113.9,363807.434041975
114,364843.934112517
114.1,365880.346353565
114.2,366916.670792144
114.3,367952.907455264
114.4,368989.056369923
114.5,370025.1175631
114.6,371061.091061764
114.7,372096.976892866
114.8,373132.775083342
114.9,374168.485660116
115,375204.108650096
115.1,376239.644080174
115.2,377275.091977229
115.3,378310.452368125
115.4,379345.725279711
115.5,380380.910738821
115.6,381416.008772277
115.7,382451.019406882
115.8,383485.942669429
115.9,384520.778586693
116,385555.527185435
116.1,386590.188492403
116.2,387624.76253433
116.3,388659.249337934
116.4,389693.648929917
116.5,390727.96133697
116.6,391762.186585766
116.7,392796.324702965
116.8,393830.375715214
116.9,394864.339649143
117,395898.216531369
117.1,396932.006388494
117.2,397965.709247106
117.3,398999.325133778
117.4,400032.854075069
117.5,401066.296097524
117.6,402099.651227672
117.7,403132.919492031
117.8,404166.1009171
117.9,405199.195529367
118,406232.203355305
118.1,407265.124421372
118.2,408297.958754013
118.3,409330.706379656
118.4,410363.367324718
118.5,411395.9416156
118.6,412428.429278689
118.7,413460.830340356
118.8,414493.144826962
118.9,415525.372764849
119,416557.514180348
119.1,417589.569099775
119.2,418621.53754943
119.3,419653.419555602
119.4,420685.215144563
119.5,421716.924342573
119.6,422748.547175876
119.7,423780.083670703
119.8,424811.53385327
119.9,425842.897749779
120,426874.17538642
120.1,427905.366789365
120.2,428936.471984776
120.3,429967.490998797
120.4,430998.423857561
120.5,432029.270587186
120.6,433060.031213776
120.7,434090.705763419
120.8,435121.294262192
120.9,436151.796736157
121,437182.213211361
121.1,438212.543713837
121.2,439242.788269605
121.3,440272.946904672
121.4,441303.019645028
121.5,442333.006516651
121.6,443362.907545506
121.7,444392.722757542
121.8,445422.452178694
121.9,446452.095834886
122,447481.653752025
122.1,448511.125956005
122.2,449540.512472706
122.3,450569.813327996
122.4,451599.028547726
122.5,452628.158157735
122.6,453657.202183849
122.7,454686.160651879
122.8,455715.03358762
122.9,456743.821016858
123,457772.522965362
123.1,458801.139458887
123.2,459829.670523176
123.3,460858.116183957
123.4,461886.476466944
123.5,462914.751397839
123.6,463942.941002328
123.7,464971.045306085
123.8,465999.064334769
123.9,467026.998114027
124,468054.84666949
124.1,469082.610026778
124.2,470110.288211494
124.3,471137.881249231
124.4,472165.389165565
124.5,473192.811986062
124.6,474220.14973627
124.7,475247.402441728
124.8,476274.570127957
124.9,477301.652820468
125,478328.650544756
125.1,479355.563326303
125.2,480382.391190579
125.3,481409.134163038
125.4,482435.792269122
125.5,483462.36553426
125.6,484488.853983865
125.7,485515.25764334
125.8,486541.57653807
125.9,487567.810693432
126,488593.960134784
126.1,489620.024887474
126.2,490646.004976837
126.3,491671.900428191
126.4,492697.711266844
126.5,493723.437518089
126.6,494749.079207206
126.7,495774.636359461
126.8,496800.109000108
126.9,497825.497154386
127,498850.800847521
127.1,499876.020104726
127.2,500901.154951201
127.3,501926.205412133
127.4,502951.171512693
127.5,503976.053278041
127.6,505000.850733324
127.7,506025.563903675
127.8,507050.192814213
127.9,508074.737490044
128,509099.197956261
128.1,510123.574237944
128.2,511147.86636016
128.3,512172.074347962
128.4,513196.198226389
128.5,514220.238020469
128.6,515244.193755216
128.7,516268.065455628
128.8,517291.853146694
128.9,518315.556853387
129,519339.176600668
129.1,520362.712413486
129.2,521386.164316773
129.3,522409.532335451
129.4,523432.816494429
129.5,524456.016818602
129.6,525479.133332851
129.7,526502.166062044
129.8,527525.115031039
129.9,528547.980264677
130,529570.761787787
130.1,530593.459625187
130.2,531616.073801679
130.3,532638.604342053
130.4,533661.051271088
130.5,534683.414613547
130.6,535705.694394181
130.7,536727.890637729
130.8,537750.003368915
130.9,538772.032612452
131,539793.978393039
131.1,540815.840735362
131.2,541837.619664095
131.3,542859.315203898
131.4,543880.927379417
131.5,544902.456215288
131.6,545923.901736132
131.7,546945.263966558
131.8,547966.542931161
131.9,548987.738654523
132,550008.851161216
132.1,551029.880475795
132.2,552050.826622805
132.3,553071.689626778
132.4,554092.469512231
132.5,555113.16630367
132.6,556133.780025588
132.7,557154.310702465
132.8,558174.758358769
132.9,559195.123018952
133,560215.404707458
133.1,561235.603448714
133.2,562255.719267136
133.3,563275.752187129
133.4,564295.702233081
133.5,565315.569429372
133.6,566335.353800366
133.7,567355.055370415
133.8,568374.674163859
133.9,569394.210205024
134,570413.663518226
134.1,571433.034127764
134.2,572452.322057929
134.3,573471.527332995
134.4,574490.649977228
134.5,575509.690014877
134.6,576528.64747018
134.7,577547.522367364
134.8,578566.314730641
134.9,579585.024584211
135,580603.651952262
135.1,581622.19685897
135.2,582640.659328496
135.3,583659.039384991
135.4,584677.337052592
135.5,585695.552355425
135.6,586713.6853176
135.7,587731.735963219
135.8,588749.704316368
135.9,589767.590401122
136,590785.394241544
136.1,591803.115861682
136.2,592820.755285575
136.3,593838.312537246
136.4,594855.787640709
136.5,595873.180619963
136.6,596890.491498996
136.7,597907.720301782
136.8,598924.867052283
136.9,599941.931774451
137,600958.914492222
137.1,601975.815229523
137.2,602992.634010265
137.3,604009.370858349
137.4,605026.025797663
137.5,606042.598852084
137.6,607059.090045474
137.7,608075.499401684
137.8,609091.826944553
137.9,610108.072697908
138,611124.236685562
138.1,612140.318931317
138.2,613156.319458963
138.3,614172.238292276
138.4,615188.075455022
138.5,616203.830970952
138.6,617219.504863808
138.7,618235.097157317
138.8,619250.607875195
138.9,620266.037041145
139,621281.38467886
139.1,622296.650812017
139.2,623311.835464284
139.3,624326.938659315
139.4,625341.960420753
139.5,626356.900772228
139.6,627371.759737358
139.7,628386.537339749
139.8,629401.233602995
139.9,630415.848550677
140,631430.382206365
140.1,632444.834593616
140.2,633459.205735976
140.3,634473.495656977
140.4,635487.70438014
140.5,636501.831928975
140.6,637515.878326978
140.7,638529.843597634
140.8,639543.727764415
140.9,640557.530850783
141,641571.252880185
141.1,642584.893876057
141.2,643598.453861826
141.3,644611.932860902
141.4,645625.330896687
141.5,646638.647992569
141.6,647651.884171923
141.7,648665.039458115
141.8,649678.113874497
141.9,650691.10744441
142,651704.020191182
142.1,652716.852138128
142.2,653729.603308555
142.3,654742.273725755
142.4,655754.863413008
142.5,656767.372393583
142.6,657779.800690737
142.7,658792.148327716
142.8,659804.415327751
142.9,660816.601714064
143,661828.707509866
143.1,662840.732738352
143.2,663852.677422709
143.3,664864.541586111
143.4,665876.325251718
143.5,666888.028442683
143.6,667899.651182141
143.7,668911.193493221
143.8,669922.655399037
143.9,670934.036922691
144,671945.338087274
144.1,672956.558915866
144.2,673967.699431535
144.3,674978.759657335
144.4,675989.739616311
144.5,677000.639331495
144.6,678011.458825908
144.7,679022.198122558
144.8,680032.857244442
144.9,681043.436214546
145,682053.935055843
145.1,683064.353791295
145.2,684074.692443853
145.3,685084.951036454
145.4,686095.129592026
145.5,687105.228133483
145.6,688115.246683731
145.7,689125.185265659
145.8,690135.043902149
145.9,691144.822616069
146,692154.521430276
146.1,693164.140367616
146.2,694173.679450923
146.3,695183.138703018
146.4,696192.518146712
146.5,697201.817804804
146.6,698211.037700082
146.7,699220.177855322
146.8,700229.238293288
146.9,701238.219036733
147,702247.120108398
147.1,703255.941531012
147.2,704264.683327295
147.3,705273.345519952
147.4,706281.92813168
147.5,707290.431185161
147.6,708298.854703069
147.7,709307.198708063
147.8,710315.463222793
147.9,711323.648269897
148,712331.753872001
148.1,713339.78005172
148.2,714347.726831659
148.3,715355.594234408
148.4,716363.382282548
148.5,717371.090998649
148.6,718378.720405269
148.7,719386.270524954
148.8,720393.741380238
148.9,721401.132993647
149,722408.445387691
149.1,723415.678584873
149.2,724422.832607681
149.3,725429.907478594
149.4,726436.903220079
149.5,727443.819854591
149.6,728450.657404574
149.7,729457.415892463
149.8,730464.095340677
149.9,731470.695771629
150,732477.217207716
150.1,733483.659671326
150.2,734490.023184836
150.3,735496.307770612
150.4,736502.513451007
150.5,737508.640248364
150.6,738514.688185015
150.7,739520.657283279
150.8,740526.547565466
150.9,741532.359053874
151,742538.091770789
151.1,743543.745738487
151.2,744549.320979233
151.3,745554.817515278
151.4,746560.235368865
151.5,747565.574562225
151.6,748570.835117578
151.7,749576.017057131
151.8,750581.120403082
151.9,751586.145177617
152,752591.091402912
152.1,753595.959101129
152.2,754600.748294423
152.3,755605.459004934
152.4,756610.091254793
152.5,757614.64506612
152.6,758619.120461023
152.7,759623.517461599
152.8,760627.836089935
152.9,761632.076368106
153,762636.238318176
153.1,763640.321962199
153.2,764644.327322216
153.3,765648.254420258
153.4,766652.103278346
153.5,767655.873918489
153.6,768659.566362685
153.7,769663.18063292
153.8,770666.716751172
153.9,771670.174739404
154,772673.554619572
154.1,773676.856413618
154.2,774680.080143475
154.3,775683.225831064
154.4,776686.293498296
154.5,777689.283167069
154.6,778692.194859272
154.7,779695.028596784
154.8,780697.78440147
154.9,781700.462295186
155,782703.062299778
155.1,783705.584437079
155.2,784708.028728913
155.3,785710.395197092
155.4,786712.683863416
155.5,787714.894749678
155.6,788717.027877656
155.7,789719.08326912
155.8,790721.060945827
155.9,791722.960929525
156,792724.78324195
156.1,793726.527904828
156.2,794728.194939874
156.3,795729.784368791
156.4,796731.296213274
156.5,797732.730495004
156.6,798734.087235653
156.7,799735.366456882
156.8,800736.568180342
156.9,801737.692427672
157,802738.7392205
157.1,803739.708580446
157.2,804740.600529114
157.3,805741.415088104
157.4,806742.152279
157.5,807742.812123377
157.6,808743.394642801
157.7,809743.899858824
157.8,810744.32779299
157.9,811744.678466832
158,812744.951901871
158.1,813745.148119618
158.2,814745.267141574
158.3,815745.308989229
158.4,816745.273684062
158.5,817745.161247541
158.6,818744.971701125
158.7,819744.705066261
158.8,820744.361364386
158.9,821743.940616926
159,822743.442845296
159.1,823742.868070903
159.2,824742.216315139
159.3,825741.487599389
159.4,826740.681945026
159.5,827739.799373414
159.6,828738.839905904
159.7,829737.803563838
159.8,830736.690368548
159.9,831735.500341354
160,832734.233503566
160.1,833732.889876484
160.2,834731.469481397
160.3,835729.972339584
160.4,836728.398472313
160.5,837726.747900842
160.6,838725.020646417
160.7,839723.216730277
160.8,840721.336173647
160.9,841719.378997743
161,842717.345223771
161.1,843715.234872926
161.2,844713.047966392
161.3,845710.784525343
161.4,846708.444570944
161.5,847706.028124348
161.6,848703.535206698
161.7,849700.965839126
161.8,850698.320042755
161.9,851695.597838697
162,852692.799248053
162.1,853689.924291914
162.2,854686.972991361
162.3,855683.945367466
162.4,856680.841441287
162.5,857677.661233875
162.6,858674.404766269
162.7,859671.072059498
162.8,860667.663134582
162.9,861664.178012529
163,862660.616714337
163.1,863656.979260994
163.2,864653.265673478
163.3,865649.475972757
163.4,866645.610179787
163.5,867641.668315516
163.6,868637.65040088
163.7,869633.556456806
163.8,870629.38650421
163.9,871625.140563999
164,872620.818657067
164.1,873616.4208043
164.2,874611.947026575
164.3,875607.397344755
164.4,876602.771779697
164.5,877598.070352245
164.6,878593.293083232
164.7,879588.439993485
164.8,880583.511103818
164.9,881578.506435033
165,882573.426007927
165.1,883568.269843281
165.2,884563.037961871
165.3,885557.730384459
165.4,886552.347131799
165.5,887546.888224635
165.6,888541.3536837
165.7,889535.743529717
165.8,890530.057783398
165.9,891524.296465448
166,892518.459596559
166.1,893512.547197414
166.2,894506.559288686
166.3,895500.495891036
166.4,896494.357025119
166.5,897488.142711577
166.6,898481.852971042
166.7,899475.487824137
166.8,900469.047291475
166.9,901462.531393657
167,902455.940151277
167.1,903449.273584918
167.2,904442.531715151
167.3,905435.714562539
167.4,906428.822147635
167.5,907421.854490982
167.6,908414.811613112
167.7,909407.693534547
167.8,910400.500275802
167.9,911393.231857378
168,912385.888299768
168.1,913378.469623455
168.2,914370.975848912
168.3,915363.406996603
168.4,916355.76308698
168.5,917348.044140487
168.6,918340.250177557
168.7,919332.381218614
168.8,920324.437284071
168.9,921316.418394332
169,922308.324569791
169.1,923300.155830832
169.2,924291.912197828
169.3,925283.593691146
169.4,926275.200331137
169.5,927266.732138149
169.6,928258.189132514
169.7,929249.571334559
169.8,930240.878764598
169.9,931232.111442937
170,932223.269389871
170.1,933214.352625687
170.2,934205.361170659
170.3,935196.295045055
170.4,936187.15426913
170.5,937177.938863131
170.6,938168.648847296
170.7,939159.284241851
170.8,940149.845067014
170.9,941140.331342993
171,942130.743089985
171.1,943121.080328178
171.2,944111.343077751
171.3,945101.531358874
171.4,946091.645191704
171.5,947081.684596391
171.6,948071.649593076
171.7,949061.540201887
171.8,950051.356442946
171.9,951041.098336362
172,952030.765902237
172.1,953020.359160662
172.2,954009.878131719
172.3,954999.32283548
172.4,955988.693292007
172.5,956977.989521353
172.6,957967.211543561
172.7,958956.359378664
172.8,959945.433046687
172.9,960934.432567643
173,961923.357961538
173.1,962912.209248366
173.2,963900.986448113
173.3,964889.689580754
173.4,965878.318666257
173.5,966866.873724578
173.6,967855.354775664
173.7,968843.761839452
173.8,969832.094935872
173.9,970820.354084841
174,971808.539306268
174.1,972796.650620054
174.2,973784.688046087
174.3,974772.651604249
174.4,975760.54131441
174.5,976748.357196432
174.6,977736.099270167
174.7,978723.767555458
174.8,979711.362072136
174.9,980698.882840027
175,981686.329878943
175.1,982673.70320869
175.2,983661.002849062
175.3,984648.228819846
175.4,985635.381140817
175.5,986622.459831743
175.6,987609.46491238
175.7,988596.396402477
175.8,989583.254321773
175.9,990570.038689995
176,991556.749526865
176.1,992543.386852092
176.2,993529.950685377
176.3,994516.441046412
176.4,995502.85795488
176.5,996489.201430451
176.6,997475.471492792
176.7,998461.668161554
176.8,999447.791456384
176.9,1000433.84139692
177,1001419.81800278
177.1,1002405.72129358
177.2,1003391.55128894
177.3,1004377.30800845
177.4,1005362.99147169
177.5,1006348.60169826
177.6,1007334.13870772
177.7,1008319.60251962
177.8,1009304.99315353
177.9,1010290.31062897
178,1011275.5549655
178.1,1012260.72618263
178.2,1013245.82429986
178.3,1014230.84933672
178.4,1015215.8013127
178.5,1016200.68024728
178.6,1017185.48615993
178.7,1018170.21907014
178.8,1019154.87899735
178.9,1020139.46596102
179,1021123.97998058
179.1,1022108.42107548
179.2,1023092.78926512
179.3,1024077.08456893
179.4,1025061.3070063
179.5,1026045.45659664
179.6,1027029.53335933
179.7,1028013.53731374
179.8,1028997.46847923
179.9,1029981.32687518
180,1030965.11252093
180.1,1031948.82543581
180.2,1032932.46563915
180.3,1033916.03315029
180.4,1034899.52798853
180.5,1035882.95017317
180.6,1036866.29972351
180.7,1037849.57665883
180.8,1038832.78099841
180.9,1039815.91276152
181,1040798.97196741
181.1,1041781.95863533
181.2,1042764.87278452
181.3,1043747.71443421
181.4,1044730.48360362
181.5,1045713.18031197
181.6,1046695.80457845
181.7,1047678.35642227
181.8,1048660.8358626
181.9,1049643.24291863
182,1050625.57760951
182.1,1051607.83995441
182.2,1052590.02997248
182.3,1053572.14768286
182.4,1054554.19310467
182.5,1055536.16625705
182.6,1056518.06715909
182.7,1057499.89582991
182.8,1058481.65228861
182.9,1059463.33655426
183,1060444.94864594
183.1,1061426.48858273
183.2,1062407.95638368
183.3,1063389.35206784
183.4,1064370.67565425
183.5,1065351.92716195
183.6,1066333.10660996
183.7,1067314.21401729
183.8,1068295.24940295
183.9,1069276.21278594
184,1070257.10418523
184.1,1071237.92361982
184.2,1072218.67110867
184.3,1073199.34667075
184.4,1074179.95032499
184.5,1075160.48209036
184.6,1076140.94198578
184.7,1077121.33003017
184.8,1078101.64624246
184.9,1079081.89064156
185,1080062.06324635
185.1,1081042.16407573
185.2,1082022.19314859
185.3,1083002.15048379
185.4,1083982.03610021
185.5,1084961.85001668
185.6,1085941.59225206
185.7,1086921.26282519
185.8,1087900.8617549
185.9,1088880.38905999
186,1089859.8447593
186.1,1090839.22887161
186.2,1091818.54141572
186.3,1092797.78241042
186.4,1093776.95187447
186.5,1094756.04982666
186.6,1095735.07628573
186.7,1096714.03127043
186.8,1097692.91479951
186.9,1098671.7268917
187,1099650.46756571
187.1,1100629.13684028
187.2,1101607.73473409
187.3,1102586.26126585
187.4,1103564.71645425
187.5,1104543.10031796
187.6,1105521.41287566
187.7,1106499.65414601
187.8,1107477.82414767
187.9,1108455.92289927
188,1109433.95041945
188.1,1110411.90672684
188.2,1111389.79184007
188.3,1112367.60577773
188.4,1113345.34855844
188.5,1114323.02020078
188.6,1115300.62072335
188.7,1116278.1501447
188.8,1117255.60848342
188.9,1118232.99575806
189,1119210.31198717
189.1,1120187.55718929
189.2,1121164.73138295
189.3,1122141.83458668
189.4,1123118.866819
189.5,1124095.8280984
189.6,1125072.71844339
189.7,1126049.53787246
189.8,1127026.28640409
189.9,1128002.96405676
190,1128979.57084891
190.1,1129956.10679902
190.2,1130932.57192552
190.3,1131908.96624687
190.4,1132885.28978147
190.5,1133861.54254777
190.6,1134837.72456416
190.7,1135813.83584906
190.8,1136789.87642086
190.9,1137765.84629794
191,1138741.74549869
191.1,1139717.57404147
191.2,1140693.33194466
191.3,1141669.01922659
191.4,1142644.63590562
191.5,1143620.18200008
191.6,1144595.6575283
191.7,1145571.0625086
191.8,1146546.39695929
191.9,1147521.66089867
192,1148496.85434503
192.1,1149471.97731667
192.2,1150447.02983186
192.3,1151422.01190886
192.4,1152396.92356594
192.5,1153371.76482135
192.6,1154346.53569334
192.7,1155321.23620013
192.8,1156295.86635995
192.9,1157270.42619103
193,1158244.91571157
193.1,1159219.33493978
193.2,1160193.68389384
193.3,1161167.96259194
193.4,1162142.17105226
193.5,1163116.30929297
193.6,1164090.37733222
193.7,1165064.37518817
193.8,1166038.30287896
193.9,1167012.16042272
194,1167985.94783759
194.1,1168959.66514167
194.2,1169933.31235308
194.3,1170906.88948992
194.4,1171880.39657028
194.5,1172853.83361225
194.6,1173827.2006339
194.7,1174800.4976533
194.8,1175773.72468851
194.9,1176746.88175759
195,1177719.96887857
195.1,1178692.98606949
195.2,1179665.93334838
195.3,1180638.81073325
195.4,1181611.61824212
195.5,1182584.35589299
195.6,1183557.02370385
195.7,1184529.62169268
195.8,1185502.14987747
195.9,1186474.60827618
196,1187446.99690677
196.1,1188419.3157872
196.2,1189391.56493541
196.3,1190363.74436933
196.4,1191335.8541069
196.5,1192307.89416603
196.6,1193279.86456464
196.7,1194251.76532062
196.8,1195223.59645188
196.9,1196195.35797629
197,1197167.04991175
197.1,1198138.67227611
197.2,1199110.22508725
197.3,1200081.70836301
197.4,1201053.12212124
197.5,1202024.46637979
197.6,1202995.74115647
197.7,1203966.94646911
197.8,1204938.08233553
197.9,1205909.14877353
198,1206880.1458009
198.1,1207851.07343545
198.2,1208821.93169494
198.3,1209792.72059715
198.4,1210763.44015984
198.5,1211734.09040078
198.6,1212704.67133771
198.7,1213675.18298837
198.8,1214645.62537049
198.9,1215615.99850181
199,1216586.30240002
199.1,1217556.53708286
199.2,1218526.702568
199.3,1219496.79887315
199.4,1220466.82601599
199.5,1221436.78401419
199.6,1222406.67288543
199.7,1223376.49264737
199.8,1224346.24331764
199.9,1225315.92491391
200,1226285.53745381
