0,0.119551843625321
0.1,0.358936161661754
0.2,0.718423745922217
0.3,1.19827544452337
0.4,1.79874206025628
0.5,2.52006425213384
0.6,3.36247244019585
0.7,4.32618671365062
0.8,5.41141674243014
0.9,6.61836169223343
1,7.94721014313069
1.1,9.3981400117983
1.2,10.9713184774525
1.3,12.666901911547
1.4,14.4850358112965
1.5,16.4258547370872
1.6,18.4894822538297
1.7,20.67603087631
1.8,22.985602018588
1.9,25.4182859474941
2,27.9741617402658
2.1,30.6532972463694
2.2,33.4557490535421
2.3,36.3815624580925
2.4,39.4307714394901
2.5,42.603398639272
2.6,45.8994553442927
2.7,49.3189414743377
2.8,52.8618455741195
2.9,56.5281448096699
3,60.31780496914
3.1,64.2307804680141
3.2,68.2670143587418
3.3,72.4264383447882
3.4,76.7089727990977
3.5,81.114526786965
3.6,85.642998093301
3.7,90.2942732542797
3.8,95.0682275933475
3.9,99.9647252615729
4,104.983619282311
4.1,110.124751600152
4.2,115.387953134127
4.3,120.773043835124
4.4,126.279832747486
4.5,131.908118074745
4.6,137.657687249432
4.7,143.528317006944
4.8,149.519773463378
4.9,155.631812197305
5,161.864178335411
5.1,168.216606641949
5.2,174.688821611925
5.3,181.280537567973
5.4,187.991458760824
5.5,194.82127947331
5.6,201.769684127824
5.7,208.836347397157
5.8,216.020934318632
5.9,223.323100411454
6,230.74249179718
6.1,238.278745323243
6.2,245.93148868942
6.3,253.700340577164
6.4,261.584910781705
6.5,269.584800346827
6.6,277.699601702223
6.7,285.92889880333
6.8,294.272267273552
6.9,302.729274548762
7,311.299480023994
7.1,319.982435202212
7.2,328.777683845059
7.3,337.68476212549
7.4,346.703198782167
7.5,355.832515275538
7.6,365.072225945472
7.7,374.421838170358
7.8,383.880852527563
7.9,393.448762955142
8,403.125056914695
8.1,412.909215555274
8.2,422.800713878222
8.3,432.79902090286
8.4,442.903599832902
8.5,453.113908223505
8.6,463.429398148856
8.7,473.849516370185
8.8,484.373704504111
8.9,495.00139919123
9,505.73203226483
9.1,516.565030919652
9.2,527.499817880603
9.3,538.535811571309
9.4,549.672426282447
9.5,560.90907233973
9.6,572.245156271491
9.7,583.680080975754
9.8,595.213245886714
9.9,606.844047140548
10,618.571877740473
10.1,630.39612772096
10.2,642.316184311045
10.3,654.33143209665
10.4,666.441253181832
10.5,678.645027348911
10.6,690.942132217383
10.7,703.33194340157
10.8,715.813834666924
10.9,728.387178084936
11,741.05134418658
11.1,753.805702114239
11.2,766.649619772047
11.3,779.582463974608
11.4,792.60360059402
11.5,805.712394705172
11.6,818.908210729252
11.7,832.190412575434
11.8,845.558363780681
11.9,859.01142764765
12,872.548967380633
12.1,886.170346219515
12.2,899.874927571703
12.3,913.662075142009
12.4,927.531153060434
12.5,941.481526007848
12.6,955.512559339523
12.7,969.623619206506
12.8,983.814072674798
12.9,998.08328784234
13,1012.43063395376
13.1,1026.85548151288
13.2,1041.35720239301
13.3,1055.93516994487
13.4,1070.58875910238
13.5,1085.31734648606
13.6,1100.12031050414
13.7,1114.99703145145
13.8,1129.94689160593
13.9,1144.96927532289
14,1160.06356912691
14.1,1175.22916180152
14.2,1190.46544447651
14.3,1205.771810713
14.4,1221.14765658617
14.5,1236.59238076579
14.6,1252.10538459436
14.7,1267.68607216313
14.8,1283.33385038577
14.9,1299.04812906983
15,1314.82832098598
15.1,1330.67384193509
15.2,1346.58411081299
15.3,1362.55854967324
15.4,1378.59658378755
15.5,1394.6976417042
15.6,1410.86115530428
15.7,1427.08655985588
15.8,1443.37329406611
15.9,1459.72080013119
16,1476.1285237844
16.1,1492.59591434211
16.2,1509.12242474775
16.3,1525.7075116139
16.4,1542.35063526236
16.5,1559.05125976242
16.6,1575.80885296714
16.7,1592.62288654785
16.8,1609.49283602683
16.9,1626.41818080813
17,1643.39840420667
17.1,1660.43299347564
17.2,1677.52143983204
17.3,1694.66323848073
17.4,1711.85788863669
17.5,1729.10489354569
17.6,1746.40376050342
17.7,1763.75400087296
17.8,1781.15513010081
17.9,1798.60666773135
18,1816.10813741987
18.1,1833.6590669441
18.2,1851.25898821442
18.3,1868.90743728258
18.4,1886.60395434912
18.5,1904.34808376951
18.6,1922.13937405888
18.7,1939.9773778956
18.8,1957.86165212355
18.9,1975.79175775326
19,1993.76725996177
19.1,2011.78772809145
19.2,2029.85273564761
19.3,2047.96186029513
19.4,2066.11468385391
19.5,2084.31079229335
19.6,2102.54977572587
19.7,2120.83122839934
19.8,2139.15474868868
19.9,2157.51993908646
20,2175.92640619262
20.1,2194.37376070339
20.2,2212.86161739923
20.3,2231.38959513211
20.4,2249.95731681192
20.5,2268.56440939207
20.6,2287.21050385447
20.7,2305.89523519372
20.8,2324.61824240058
20.9,2343.37916844488
21,2362.17766025766
21.1,2381.01336871281
21.2,2399.88594860803
21.3,2418.79505864525
21.4,2437.74036141049
21.5,2456.7215233532
21.6,2475.73821476508
21.7,2494.79010975842
21.8,2513.87688624397
21.9,2532.99822590836
22,2552.1538141911
22.1,2571.34334026117
22.2,2590.56649699322
22.3,2609.82298094337
22.4,2629.11249232477
22.5,2648.43473498263
22.6,2667.78941636916
22.7,2687.17624751803
22.8,2706.59494301863
22.9,2726.04522099008
23,2745.52680305494
23.1,2765.03941431269
23.2,2784.58278331306
23.3,2804.15664202906
23.4,2823.76072582989
23.5,2843.39477345364
23.6,2863.05852697986
23.7,2882.75173180192
23.8,2902.47413659935
23.9,2922.22549330991
24,2942.00555710166
24.1,2961.81408634494
24.2,2981.65084258416
24.3,3001.51559050961
24.4,3021.40809792921
24.5,3041.32813574013
24.6,3061.27547790045
24.7,3081.24990140075
24.8,3101.25118623568
24.9,3121.27911537554
25,3141.33347473783
25.1,3161.41405315885
25.2,3181.52064236526
25.3,3201.65303694569
25.4,3221.81103432244
25.5,3241.9944347231
25.6,3262.20304115234
25.7,3282.43665936369
25.8,3302.69509783136
25.9,3322.97816772226
26,3343.28568286791
26.1,3363.61745973658
26.2,3383.97331740549
26.3,3404.35307753303
26.4,3424.7565643312
26.5,3445.18360453805
26.6,3465.6340273903
26.7,3486.10766459609
26.8,3506.60435030777
26.9,3527.1239210949
27,3547.66621591734
27.1,3568.23107609852
27.2,3588.81834529877
27.3,3609.4278694889
27.4,3630.05949692385
27.5,3650.71307811651
27.6,3671.38846581173
27.7,3692.08551496043
27.8,3712.80408269394
27.9,3733.54402829845
28,3754.30521318968
28.1,3775.08750088764
28.2,3795.89075699167
28.3,3816.71484915555
28.4,3837.55964706291
28.5,3858.42502240265
28.6,3879.31084884476
28.7,3900.21700201609
28.8,3921.14335947652
28.9,3942.08980069515
29,3963.05620702681
29.1,3984.04246168863
29.2,4005.04844973693
29.3,4026.07405804423
29.4,4047.11917527644
29.5,4068.18369187032
29.6,4089.26750001104
29.7,4110.37049361002
29.8,4131.49256828293
29.9,4152.63362132787
30,4173.79355170379
30.1,4194.97226000906
30.2,4216.1696484603
30.3,4237.38562087137
30.4,4258.62008263251
30.5,4279.87294068984
30.6,4301.14410352484
30.7,4322.43348113421
30.8,4343.74098500987
30.9,4365.0665281191
31,4386.41002488496
31.1,4407.7713911669
31.2,4429.15054424151
31.3,4450.54740278352
31.4,4471.96188684699
31.5,4493.39391784668
31.6,4514.84341853963
31.7,4536.31031300691
31.8,4557.79452663564
31.9,4579.29598610109
32,4600.81461934906
32.1,4622.35035557844
32.2,4643.90312522393
32.3,4665.47285993897
32.4,4687.05949257887
32.5,4708.66295718412
32.6,4730.28318896387
32.7,4751.92012427963
32.8,4773.57370062914
32.9,4795.24385663043
33,4816.93053200604
33.1,4838.63366756746
33.2,4860.35320519975
33.3,4882.08908784628
33.4,4903.84125949375
33.5,4925.60966515729
33.6,4947.3942508658
33.7,4969.19496364745
33.8,4991.01175151535
33.9,5012.84456345338
34,5034.69334940223
34.1,5056.55806024556
34.2,5078.4386477964
34.3,5100.33506478362
34.4,5122.24726483866
34.5,5144.17520248239
34.6,5166.11883311211
34.7,5188.07811298874
34.8,5210.05299922419
34.9,5232.04344976883
35,5254.04942339917
35.1,5276.07087970572
35.2,5298.10777908088
35.3,5320.16008270717
35.4,5342.22775254545
35.5,5364.31075132339
35.6,5386.40904252402
35.7,5408.52259037453
35.8,5430.65135983509
35.9,5452.79531658792
36,5474.95442702645
36.1,5497.12865824464
36.2,5519.31797802644
36.3,5541.52235483538
36.4,5563.74175780434
36.5,5585.97615672538
36.6,5608.22552203981
36.7,5630.48982482828
36.8,5652.76903680112
36.9,5675.06313028868
37,5697.37207823195
37.1,5719.69585417319
37.2,5742.03443224675
37.3,5764.38778716997
37.4,5786.75589423426
37.5,5809.13872929628
37.6,5831.53626876923
37.7,5853.94848961423
37.8,5876.37536933195
37.9,5898.81688595419
38,5921.27301803567
38.1,5943.74374464596
38.2,5966.22904536145
38.3,5988.72890025747
38.4,6011.24328990053
38.5,6033.77219534067
38.6,6056.31559810389
38.7,6078.87348018473
38.8,6101.44582403891
38.9,6124.03261257611
39,6146.63382915288
39.1,6169.24945756556
39.2,6191.87948204338
39.3,6214.52388724167
39.4,6237.1826582351
39.5,6259.85578051108
39.6,6282.54323996322
39.7,6305.24502288492
39.8,6327.961115963
39.9,6350.69150627151
40,6373.43618126552
40.1,6396.1951287751
40.2,6418.96833699936
40.3,6441.75579450052
40.4,6464.55749019818
40.5,6487.37341336355
40.6,6510.20355361389
40.7,6533.04790090695
40.8,6555.90644553547
40.9,6578.77917812191
41,6601.66608961306
41.1,6624.56717127489
41.2,6647.48241468741
41.3,6670.41181173961
41.4,6693.35535462447
41.5,6716.31303583409
41.6,6739.28484815485
41.7,6762.27078466266
41.8,6785.27083871829
41.9,6808.28500396276
42,6831.31327431279
42.1,6854.35564395638
42.2,6877.41210734836
42.3,6900.48265920611
42.4,6923.56729450527
42.5,6946.66600847556
42.6,6969.77879659666
42.7,6992.90565459413
42.8,7016.04657843543
42.9,7039.20156432597
43,7062.37060870525
43.1,7085.55370824302
43.2,7108.75085983556
43.3,7131.96206060197
43.4,7155.18730788055
43.5,7178.42659922519
43.6,7201.67993240191
43.7,7224.94730538532
43.8,7248.22871635529
43.9,7271.52416369354
44,7294.83364598037
44.1,7318.1571619914
44.2,7341.49471069439
44.3,7364.8462912461
44.4,7388.21190298916
44.5,7411.59154544908
44.6,7434.98521833126
44.7,7458.39292151798
44.8,7481.81465506558
44.9,7505.25041920159
45,7528.7002143219
45.1,7552.16404098805
45.2,7575.64189992449
45.3,7599.13379201594
45.4,7622.63971830473
45.5,7646.15967998827
45.6,7669.6936784165
45.7,7693.24171508936
45.8,7716.8037916544
45.9,7740.37990990434
46,7763.97007177469
46.1,7787.57427934144
46.2,7811.19253481874
46.3,7834.82484055671
46.4,7858.47119903914
46.5,7882.1316128814
46.6,7905.80608482821
46.7,7929.49461775162
46.8,7953.19721464889
46.9,7976.91387864047
47,8000.64461296801
47.1,8024.38942099238
47.2,8048.14830619174
47.3,8071.92127215967
47.4,8095.70832260328
47.5,8119.50946134136
47.6,8143.32469230263
47.7,8167.15401952391
47.8,8190.99744714842
47.9,8214.85497942408
48,8238.72662070177
48.1,8262.61237543375
48.2,8286.51224817199
48.3,8310.42624356661
48.4,8334.35436636428
48.5,8358.29662140669
48.6,8382.25301362909
48.7,8406.22354805871
48.8,8430.20822981338
48.9,8454.20706410008
49,8478.22005621351
49.1,8502.24721153473
49.2,8526.28853552977
49.3,8550.34403374836
49.4,8574.41371182254
49.5,8598.49757546544
49.6,8622.59563046997
49.7,8646.70788270763
49.8,8670.83433812723
49.9,8694.97500275373
50,8719.12988268708
50.1,8743.29898410103
50.2,8767.48231324202
50.3,8791.67987642804
50.4,8815.89168004759
50.5,8840.11773055857
50.6,8864.35803448723
50.7,8888.61259842714
50.8,8912.88142903819
50.9,8937.16453304558
51,8961.46191723884
51.1,8985.77358847088
51.2,9010.09955365706
51.3,9034.43981977423
51.4,9058.79439385987
51.5,9083.16328301116
51.6,9107.54649438415
51.7,9131.94403519284
51.8,9156.3559127084
51.9,9180.78213425834
52,9205.22270722564
52.1,9229.67763904804
52.2,9254.14693721721
52.3,9278.63060927798
52.4,9303.12866282763
52.5,9327.64110551512
52.6,9352.16794504039
52.7,9376.70918915365
52.8,9401.26484565465
52.9,9425.83492239208
53,9450.41942726281
53.1,9475.0183682113
53.2,9499.63175322894
53.3,9524.25959035341
53.4,9548.90188766808
53.5,9573.55865330138
53.6,9598.22989542625
53.7,9622.91562225952
53.8,9647.61584206136
53.9,9672.3305631347
54,9697.05979382472
54.1,9721.80354251827
54.2,9746.56181764337
54.3,9771.33462766872
54.4,9796.12198110311
54.5,9820.92388649503
54.6,9845.74035243212
54.7,9870.57138754069
54.8,9895.41700048529
54.9,9920.27719996826
55,9945.15199472921
55.1,9970.04139354469
55.2,9994.94540522768
55.3,10019.8640386272
55.4,10044.7973026278
55.5,10069.7452061495
55.6,10094.7077581469
55.7,10119.6849676091
55.8,10144.6768435594
55.9,10169.6833950545
56,10194.7046311848
56.1,10219.7405610735
56.2,10244.7911938762
56.3,10269.8565387813
56.4,10294.9366050086
56.5,10320.03140181
56.6,10345.1409384684
56.7,10370.2652242979
56.8,10395.404268643
56.9,10420.5580808791
57,10445.7266704111
57.1,10470.9100466743
57.2,10496.1082191331
57.3,10521.3211972813
57.4,10546.5489906419
57.5,10571.7916087663
57.6,10597.0490612347
57.7,10622.3213576553
57.8,10647.6085076645
57.9,10672.9105209262
58,10698.227407132
58.1,10723.5591760007
58.2,10748.9058372784
58.3,10774.2674007376
58.4,10799.6438761779
58.5,10825.0352734252
58.6,10850.4416023313
58.7,10875.8628727745
58.8,10901.2990946587
58.9,10926.7502779135
59,10952.216432494
59.1,10977.6975683804
59.2,11003.1936955782
59.3,11028.7048241178
59.4,11054.2309640544
59.5,11079.7721254678
59.6,11105.3283184621
59.7,11130.8995531659
59.8,11156.4858397319
59.9,11182.0871883367
60,11207.7036091808
60.1,11233.3351124884
60.2,11258.9817085074
60.3,11284.643407509
60.4,11310.3202197878
60.5,11336.0121556615
60.6,11361.719225471
60.7,11387.4414395799
60.8,11413.178808375
60.9,11438.9313422655
61,11464.6990516834
61.1,11490.481947083
61.2,11516.2800389413
61.3,11542.0933377572
61.4,11567.9218540522
61.5,11593.7655983697
61.6,11619.624581275
61.7,11645.4988133556
61.8,11671.3883052205
61.9,11697.2930675008
62,11723.213110849
62.1,11749.1484459392
62.2,11775.0990834672
62.3,11801.0650341501
62.4,11827.0463087263
62.5,11853.0429179556
62.6,11879.054872619
62.7,11905.0821835185
62.8,11931.1248614775
62.9,11957.1829173401
63,11983.2563619717
63.1,12009.3452062582
63.2,12035.4494611068
63.3,12061.5691374451
63.4,12087.7042462218
63.5,12113.8547984061
63.6,12140.0208049878
63.7,12166.2022769775
63.8,12192.3992254063
63.9,12218.6116613256
64,12244.8395958077
64.1,12271.083039945
64.2,12297.3420048503
64.3,12323.6165016571
64.4,12349.9065415188
64.5,12376.2121356094
64.6,12402.533295123
64.7,12428.8700312742
64.8,12455.2223552974
64.9,12481.5902784475
65,12507.9738119995
65.1,12534.3729672484
65.2,12560.7877555095
65.3,12587.218188118
65.4,12613.6642764294
65.5,12640.1260318189
65.6,12666.6034656822
65.7,12693.0965894345
65.8,12719.6054145115
65.9,12746.1299523685
66,12772.670214481
66.1,12799.2262123443
66.2,12825.7979574738
66.3,12852.3854614047
66.4,12878.9887356923
66.5,12905.6077919117
66.6,12932.2426416579
66.7,12958.8932965459
66.8,12985.5597682106
66.9,13012.2420683068
67,13038.9402085091
67.1,13065.6542005121
67.2,13092.3840560304
67.3,13119.1297867982
67.4,13145.8914045699
67.5,13172.6689211196
67.6,13199.4623482415
67.7,13226.2716977495
67.8,13253.0969814776
67.9,13279.9382112796
68,13306.7953990292
68.1,13333.6685566201
68.2,13360.557695966
68.3,13387.4628290005
68.4,13414.383967677
68.5,13441.321123969
68.6,13468.2743098701
68.7,13495.2435373936
68.8,13522.2288185731
68.9,13549.2301654619
69,13576.2475901336
69.1,13603.2811046817
69.2,13630.3307212197
69.3,13657.3964518812
69.4,13684.4783088201
69.5,13711.57630421
69.6,13738.690450245
69.7,13765.820759139
69.8,13792.9672431262
69.9,13820.1299144611
70,13847.3087854181
70.1,13874.503868292
70.2,13901.7151753977
70.3,13928.9427190705
70.4,13956.1865116658
70.5,13983.4465655594
70.6,14010.7228931473
70.7,14038.0155068459
70.8,14065.324419092
70.9,14092.6496423426
71,14119.9911890752
71.1,14147.3490717879
71.2,14174.7233029989
71.3,14202.113895247
71.4,14229.5208610916
71.5,14256.9442131126
71.6,14284.3839639102
71.7,14311.8401261056
71.8,14339.3127123402
71.9,14366.8017352762
72,14394.3072075964
72.1,14421.8291420044
72.2,14449.3675512244
72.3,14476.9224480013
72.4,14504.4938451008
72.5,14532.0817553095
72.6,14559.6861914347
72.7,14587.3071663046
72.8,14614.9446927682
72.9,14642.5987836956
73,14670.2694519777
73.1,14697.9567105263
73.2,14725.6605722744
73.3,14753.3810501759
73.4,14781.1181572059
73.5,14808.8719063604
73.6,14836.6423106568
73.7,14864.4293831334
73.8,14892.2331368499
73.9,14920.0535848872
74,14947.8907403473
74.1,14975.7446163536
74.2,15003.6152260511
74.3,15031.5025826057
74.4,15059.406699205
74.5,15087.327589058
74.6,15115.2652653952
74.7,15143.2197414685
74.8,15171.1910305514
74.9,15199.1791459391
75,15227.1841009481
75.1,15255.205908917
75.2,15283.2445832057
75.3,15311.300137196
75.4,15339.3725842915
75.5,15367.4619379175
75.6,15395.5682115212
75.7,15423.6914185717
75.8,15451.83157256
75.9,15479.988686999
76,15508.1627754237
76.1,15536.3538513909
76.2,15564.5619284798
76.3,15592.7870202914
76.4,15621.0291404491
76.5,15649.2883025983
76.6,15677.5645204067
76.7,15705.8578075644
76.8,15734.1681777835
76.9,15762.4956447987
77,15790.840222367
77.1,15819.2019242678
77.2,15847.5807643031
77.3,15875.9767562973
77.4,15904.3899140973
77.5,15932.8202515727
77.6,15961.2677826156
77.7,15989.7325211411
77.8,16018.2144810865
77.9,16046.7136764124
78,16075.2301211018
78.1,16103.7638291607
78.2,16132.314814618
78.3,16160.8830915256
78.4,16189.4686739581
78.5,16218.0715760135
78.6,16246.6918118125
78.7,16275.3293954992
78.8,16303.9843412406
78.9,16332.656663227
79,16361.346375672
79.1,16390.0534928124
79.2,16418.7780289083
79.3,16447.5199982433
79.4,16476.2794151241
79.5,16505.0562938813
79.6,16533.8506488687
79.7,16562.6624944637
79.8,16591.4918450674
79.9,16620.3387151043
80,16649.2031190229
80.1,16678.0850712952
80.2,16706.984586417
80.3,16735.9016789081
80.4,16764.8363633119
80.5,16793.788654196
80.6,16822.7585661517
80.7,16851.7461137945
80.8,16880.7513117638
80.9,16909.7741747232
81,16938.8147173605
81.1,16967.8729543876
81.2,16996.9489005407
81.3,17026.0425705803
81.4,17055.1539792911
81.5,17084.2831414825
81.6,17113.4300719879
81.7,17142.5947856656
81.8,17171.7772973983
81.9,17200.9776220931
82,17230.195774682
82.1,17259.4317701215
82.2,17288.6856233929
82.3,17317.9573495024
82.4,17347.2469634808
82.5,17376.5544803839
82.6,17405.8799152924
82.7,17435.223283312
82.8,17464.5845995736
82.9,17493.9638792328
83,17523.3611374706
83.1,17552.7763894932
83.2,17582.2096505319
83.3,17611.6609358434
83.4,17641.1302607097
83.5,17670.617640438
83.6,17700.1230903613
83.7,17729.6466258379
83.8,17759.1882622515
83.9,17788.7480150116
84,17818.3258995533
84.1,17847.9219313374
84.2,17877.5361258504
84.3,17907.1684986047
84.4,17936.8190651384
84.5,17966.4878410157
84.6,17996.1748418265
84.7,18025.8800831871
84.8,18055.6035807396
84.9,18085.3453501522
85,18115.1054071194
85.1,18144.883767362
85.2,18174.6804466268
85.3,18204.4954606872
85.4,18234.3288253429
85.5,18264.18055642
85.6,18294.0506697714
85.7,18323.939181276
85.8,18353.8461068399
85.9,18383.7714623955
86,18413.7152639021
86.1,18443.6775273456
86.2,18473.6582687389
86.3,18503.6575041219
86.4,18533.6752495611
86.5,18563.7115211503
86.6,18593.7663350103
86.7,18623.8397072889
86.8,18653.9316541613
86.9,18684.0421918296
87,18714.1713365235
87.1,18744.3191045
87.2,18774.4855120434
87.3,18804.6705754654
87.4,18834.8743111055
87.5,18865.0967353305
87.6,18895.3378645349
87.7,18925.5977151411
87.8,18955.876303599
87.9,18986.1736463864
88,19016.489760009
88.1,19046.8246610005
88.2,19077.1783659224
88.3,19107.5508913644
88.4,19137.9422539443
88.5,19168.352470308
88.6,19198.7815571297
88.7,19229.2295311119
88.8,19259.6964089853
88.9,19290.1822075093
89,19320.6869434716
89.1,19351.2106336883
89.2,19381.7532950043
89.3,19412.3149442931
89.4,19442.895598457
89.5,19473.4952744269
89.6,19504.1139891626
89.7,19534.751759653
89.8,19565.4086029156
89.9,19596.0845359974
90,19626.7795759741
90.1,19657.4937399506
90.2,19688.2270450613
90.3,19718.9795084696
90.4,19749.7511473683
90.5,19780.5419789797
90.6,19811.3520205556
90.7,19842.1812893771
90.8,19873.0298027552
90.9,19903.8975780304
91,19934.784632573
91.1,19965.690983783
91.2,19996.6166490903
91.3,20027.5616459548
91.4,20058.5259918664
91.5,20089.5097043449
91.6,20120.5128009403
91.7,20151.535299233
91.8,20182.5772168333
91.9,20213.6385713821
92,20244.7193805506
92.1,20275.8196620403
92.2,20306.9394335835
92.3,20338.078712943
92.4,20369.2375179121
92.5,20400.415866315
92.6,20431.6137760067
92.7,20462.8312648729
92.8,20494.0683508304
92.9,20525.325051827
93,20556.6013858415
93.1,20587.8973708837
93.2,20619.2130249949
93.3,20650.5483662476
93.4,20681.9034127454
93.5,20713.2781826236
93.6,20744.6726940489
93.7,20776.0869652196
93.8,20807.5210143654
93.9,20838.9748597481
94,20870.4485196609
94.1,20901.942012429
94.2,20933.4553564095
94.3,20964.9885699916
94.4,20996.5416715963
94.5,21028.1146796769
94.6,21059.707612719
94.7,21091.3204892402
94.8,21122.9533277907
94.9,21154.606146953
95,21186.278965342
95.1,21217.9718016055
95.2,21249.6846744235
95.3,21281.4176025091
95.4,21313.1706046079
95.5,21344.9436994986
95.6,21376.7369059926
95.7,21408.5502429346
95.8,21440.3837292022
95.9,21472.2373837061
96,21504.1112253904
96.1,21536.0052732324
96.2,21567.9195462429
96.3,21599.8540634662
96.4,21631.8088439799
96.5,21663.7839068955
96.6,21695.779271358
96.7,21727.7949565463
96.8,21759.8309816731
96.9,21791.8873659851
97,21823.9641287629
97.1,21856.0612893213
97.2,21888.1788670092
97.3,21920.3168812097
97.4,21952.4753513403
97.5,21984.654296853
97.6,22016.8537372341
97.7,22049.0736920046
97.8,22081.31418072
97.9,22113.5752229707
98,22145.8568383818
98.1,22178.1590466133
98.2,22210.4818673601
98.3,22242.8253203524
98.4,22275.1894253552
98.5,22307.574202169
98.6,22339.9796706294
98.7,22372.4058506075
98.8,22404.8527620098
98.9,22437.3204247783
99,22469.8088588907
99.1,22502.3180843605
99.2,22534.8481212367
99.3,22567.3989896046
99.4,22599.9707095851
99.5,22632.5633013353
99.6,22665.1767850485
99.7,22697.811180954
99.8,22730.4665093177
99.9,22763.1427904417
100,22794.2456235606
100.1,22823.9147184811
100.2,22852.2712876826
100.3,22879.4212060613
100.4,22905.4575184224
100.5,22930.4624508296
100.6,22954.5090397984
100.7,22977.6624637566
100.8,22999.9811401119
100.9,23021.517636016
101,23042.3194297372
101.1,23062.429551258
101.2,23081.887124492
101.3,23100.7278287957
101.4,23118.9842938388
101.5,23136.6864391099
101.6,23153.8617671567
101.7,23170.5356179611
101.8,23186.7313904935
101.9,23202.4707364228
102,23217.7737300943
102.1,23232.6590181946
102.2,23247.1439519591
102.3,23261.2447043191
102.4,23274.9763740093
102.5,23288.353078344
102.6,23301.3880361168
102.7,23314.0936418621
102.8,23326.4815325412
102.9,23338.5626475624
103,23350.3472829237
103.1,23361.8451401552
103.2,23373.0653706524
103.3,23384.0166159115
103.4,23394.7070441151
103.5,23405.1443834585
103.6,23415.3359525598
103.7,23425.2886882554
103.8,23435.0091710458
103.9,23444.5036484273
104,23453.7780563155
104.1,23462.8380387473
104.2,23471.6889660218
104.3,23480.3359514286
104.4,23488.7838666922
104.5,23497.0373562485
104.6,23505.1008504585
104.7,23512.9785778517
104.8,23520.6745764836
104.9,23528.1927044825
105,23535.5366498539
105.1,23542.7099396041
105.2,23549.7159482379
105.3,23556.5579056814
105.4,23563.2389046761
105.5,23569.7619076835
105.6,23576.1297533406
105.7,23582.3451624989
105.8,23588.4107438787
105.9,23594.3289993667
106,23600.1023289842
106.1,23605.7330355482
106.2,23611.2233290483
106.3,23616.5753307595
106.4,23621.7910771074
106.5,23626.872523306
106.6,23631.8215467805
106.7,23636.6399503904
106.8,23641.3294654673
106.9,23645.8917546772
107,23650.3284147208
107.1,23654.6409788802
107.2,23658.8309194225
107.3,23662.8996498698
107.4,23666.8485271416
107.5,23670.6788535798
107.6,23674.3918788614
107.7,23677.9888018058
107.8,23681.4707720837
107.9,23684.8388918318
108,23688.0942171798
108.1,23691.2377596929
108.2,23694.2704877365
108.3,23697.1933277652
108.4,23700.0071655414
108.5,23702.7128472859
108.6,23705.3111807655
108.7,23707.8029363188
108.8,23710.1888478247
108.9,23712.4696136157
109,23714.645897338
109.1,23716.7183287619
109.2,23718.6875045438
109.3,23720.553988942
109.4,23722.3183144885
109.5,23723.9809826179
109.6,23725.5424642563
109.7,23727.0032003698
109.8,23728.3636024759
109.9,23729.6240531178
110,23730.7849063033
110.1,23731.8464879095
110.2,23732.8090960536
110.3,23733.6730014319
110.4,23734.4384476264
110.5,23735.1056513812
110.6,23735.6748028478
110.7,23736.1460658014
110.8,23736.5195778279
110.9,23736.795450482
111,23736.973769417
111.1,23737.0545944866
111.2,23737.0379598193
111.3,23736.9238738648
111.4,23736.7123194127
111.5,23736.4032535847
111.6,23735.9966077988
111.7,23735.4922877057
111.8,23734.8901730986
111.9,23734.1901177944
112,23733.3919494871
112.1,23732.4954695731
112.2,23731.5004529476
112.3,23730.4066477715
112.4,23729.2137752094
112.5,23727.9215291363
112.6,23726.5295758143
112.7,23725.0375535373
112.8,23723.4450722425
112.9,23721.7517130899
113,23719.9570280059
113.1,23718.0605391925
113.2,23716.0617385996
113.3,23713.9600873592
113.4,23711.7550151804
113.5,23709.4459197035
113.6,23707.0321658126
113.7,23704.5130849026
113.8,23701.8879741019
113.9,23699.1560954458
114,23696.3166750008
114.1,23693.3689019361
114.2,23690.3119275401
114.3,23687.1448641802
114.4,23683.866784201
114.5,23680.4767187606
114.6,23676.9736565991
114.7,23673.3565427372
114.8,23669.6242771015
114.9,23665.7757130711
115,23661.8096559423
115.1,23657.7248613057
115.2,23653.5200333328
115.3,23649.1938229632
115.4,23644.7448259904
115.5,23640.1715810372
115.6,23635.4725674157
115.7,23630.6462028633
115.8,23625.6908411483
115.9,23620.6047695353
116,23615.3862061034
116.1,23610.0332969042
116.2,23604.5441129531
116.3,23598.9166470385
116.4,23593.1488103397
116.5,23587.2384288383
116.6,23581.1832395091
116.7,23574.9808862752
116.8,23568.6289157092
116.9,23562.1247724634
117,23555.4657944074
117.1,23548.649207452
117.2,23541.672120035
117.3,23534.5315172433
117.4,23527.224254542
117.5,23519.7470510802
117.6,23512.0964825383
117.7,23504.2689734802
117.8,23496.2607891695
117.9,23488.0680268034
118,23479.6866061158
118.1,23471.1122592952
118.2,23462.3405201556
118.3,23453.366712496
118.4,23444.1859375725
118.5,23434.7930606049
118.6,23425.1826962235
118.7,23415.3491927594
118.8,23405.2866152645
118.9,23394.9887271378
119,23384.4489702191
119.1,23373.6604431954
119.2,23362.6158781451
119.3,23351.3076150271
119.4,23339.7275738939
119.5,23327.8672245831
119.6,23315.7175536078
119.7,23303.2690279327
119.8,23290.5115552768
119.9,23277.4344405384
120,23264.0263378807
120.1,23250.2751979504
120.2,23236.1682096261
120.3,23221.6917356051
120.4,23206.8312410325
120.5,23191.5712142536
120.6,23175.8950786283
120.7,23159.7850941729
120.8,23143.2222475964
120.9,23126.186129051
121,23108.6547936345
121.1,23090.6046053305
121.2,23072.0100606568
121.3,23052.843588785
121.4,23033.0753242765
121.5,23012.6728478295
121.6,22991.6008894993
121.7,22969.8209877128
121.8,22947.2910959725
121.9,22923.9651273638
122,22899.7924247409
122.1,22874.7171416289
122.2,22848.6775152604
122.3,22821.6050085169
122.4,22793.4232915199
122.5,22764.0470257541
122.6,22733.380403235
122.7,22701.3153794404
122.8,22667.7295201785
122.9,22632.4833573574
123,22595.4171139403
123.1,22556.3466100579
123.2,22515.0580939791
123.3,22471.3016437324
123.4,22424.7826424021
123.5,22375.1506181704
123.6,22321.9844192392
123.7,22264.7721970527
123.8,22202.8838836707
123.9,22135.5325661739
124,22061.7190066579
124.1,21980.1498126988
124.2,21889.1129984128
124.3,21786.2818906925
124.4,21668.3928752309
124.5,21530.6885674352
124.6,21365.8951646458
124.7,21162.196831415
124.8,20898.819154631
124.9,20535.1094361032
125,19978.4933925638
125.1,18964.1853188719
125.2,16393.1095143535
125.3,3187.84672300133
125.4,-394904.618237177
125.5,-18831656073452.6
125.6,-8.45223537451974E+23
125.7,-1.70261002172862E+45
125.8,-6.90879634488196E+87
125.9,-1.13756652051151E+173
126,-∞
126.1,NaN
126.2,NaN
126.3,NaN
126.4,NaN
126.5,NaN
126.6,NaN
126.7,NaN
126.8,NaN
126.9,NaN
127,NaN
127.1,NaN
127.2,NaN
127.3,NaN
127.4,NaN
127.5,NaN
127.6,NaN
127.7,NaN
127.8,NaN
127.9,NaN
128,NaN
128.1,NaN
128.2,NaN
128.3,NaN
128.4,NaN
128.5,NaN
128.6,NaN
128.7,NaN
128.8,NaN
128.9,NaN
129,NaN
129.1,NaN
129.2,NaN
129.3,NaN
129.4,NaN
129.5,NaN
129.6,NaN
129.7,NaN
129.8,NaN
129.9,NaN
130,NaN
130.1,NaN
130.2,NaN
130.3,NaN
130.4,NaN
130.5,NaN
130.6,NaN
130.7,NaN
130.8,NaN
130.9,NaN
131,NaN
131.1,NaN
131.2,NaN
131.3,NaN
131.4,NaN
131.5,NaN
131.6,NaN
131.7,NaN
131.8,NaN
131.9,NaN
132,NaN
132.1,NaN
132.2,NaN
132.3,NaN
132.4,NaN
132.5,NaN
132.6,NaN
132.7,NaN
132.8,NaN
132.9,NaN
133,NaN
133.1,NaN
133.2,NaN
133.3,NaN
133.4,NaN
133.5,NaN
133.6,NaN
133.7,NaN
133.8,NaN
133.9,NaN
134,NaN
134.1,NaN
134.2,NaN
134.3,NaN
134.4,NaN
134.5,NaN
134.6,NaN
134.7,NaN
134.8,NaN
134.9,NaN
135,NaN
135.1,NaN
135.2,NaN
135.3,NaN
135.4,NaN
135.5,NaN
135.6,NaN
135.7,NaN
135.8,NaN
135.9,NaN
136,NaN
136.1,NaN
136.2,NaN
136.3,NaN
136.4,NaN
136.5,NaN
136.6,NaN
136.7,NaN
136.8,NaN
136.9,NaN
137,NaN
137.1,NaN
137.2,NaN
137.3,NaN
137.4,NaN
137.5,NaN
137.6,NaN
137.7,NaN
137.8,NaN
137.9,NaN
138,NaN
138.1,NaN
138.2,NaN
138.3,NaN
138.4,NaN
138.5,NaN
138.6,NaN
138.7,NaN
138.8,NaN
138.9,NaN
139,NaN
139.1,NaN
139.2,NaN
139.3,NaN
139.4,NaN
139.5,NaN
139.6,NaN
139.7,NaN
139.8,NaN
139.9,NaN
140,NaN
140.1,NaN
140.2,NaN
140.3,NaN
140.4,NaN
140.5,NaN
140.6,NaN
140.7,NaN
140.8,NaN
140.9,NaN
141,NaN
141.1,NaN
141.2,NaN
141.3,NaN
141.4,NaN
141.5,NaN
141.6,NaN
141.7,NaN
141.8,NaN
141.9,NaN
142,NaN
142.1,NaN
142.2,NaN
142.3,NaN
142.4,NaN
142.5,NaN
142.6,NaN
142.7,NaN
142.8,NaN
142.9,NaN
143,NaN
143.1,NaN
143.2,NaN
143.3,NaN
143.4,NaN
143.5,NaN
143.6,NaN
143.7,NaN
143.8,NaN
143.9,NaN
144,NaN
144.1,NaN
144.2,NaN
144.3,NaN
144.4,NaN
144.5,NaN
144.6,NaN
144.7,NaN
144.8,NaN
144.9,NaN
145,NaN
145.1,NaN
145.2,NaN
145.3,NaN
145.4,NaN
145.5,NaN
145.6,NaN
145.7,NaN
145.8,NaN
145.9,NaN
146,NaN
146.1,NaN
146.2,NaN
146.3,NaN
146.4,NaN
146.5,NaN
146.6,NaN
146.7,NaN
146.8,NaN
146.9,NaN
147,NaN
147.1,NaN
147.2,NaN
147.3,NaN
147.4,NaN
147.5,NaN
147.6,NaN
147.7,NaN
147.8,NaN
147.9,NaN
148,NaN
148.1,NaN
148.2,NaN
148.3,NaN
148.4,NaN
148.5,NaN
148.6,NaN
148.7,NaN
148.8,NaN
148.9,NaN
149,NaN
149.1,NaN
149.2,NaN
149.3,NaN
149.4,NaN
149.5,NaN
149.6,NaN
149.7,NaN
149.8,NaN
149.9,NaN
150,NaN
150.1,NaN
150.2,NaN
150.3,NaN
150.4,NaN
150.5,NaN
150.6,NaN
150.7,NaN
150.8,NaN
150.9,NaN
151,NaN
151.1,NaN
151.2,NaN
151.3,NaN
151.4,NaN
151.5,NaN
151.6,NaN
151.7,NaN
151.8,NaN
151.9,NaN
152,NaN
152.1,NaN
152.2,NaN
152.3,NaN
152.4,NaN
152.5,NaN
152.6,NaN
152.7,NaN
152.8,NaN
152.9,NaN
153,NaN
153.1,NaN
153.2,NaN
153.3,NaN
153.4,NaN
153.5,NaN
153.6,NaN
153.7,NaN
153.8,NaN
153.9,NaN
154,NaN
154.1,NaN
154.2,NaN
154.3,NaN
154.4,NaN
154.5,NaN
154.6,NaN
154.7,NaN
154.8,NaN
154.9,NaN
155,NaN
155.1,NaN
155.2,NaN
155.3,NaN
155.4,NaN
155.5,NaN
155.6,NaN
155.7,NaN
155.8,NaN
155.9,NaN
156,NaN
156.1,NaN
156.2,NaN
156.3,NaN
156.4,NaN
156.5,NaN
156.6,NaN
156.7,NaN
156.8,NaN
156.9,NaN
157,NaN
157.1,NaN
157.2,NaN
157.3,NaN
157.4,NaN
157.5,NaN
157.6,NaN
157.7,NaN
157.8,NaN
157.9,NaN
158,NaN
158.1,NaN
158.2,NaN
158.3,NaN
158.4,NaN
158.5,NaN
158.6,NaN
158.7,NaN
158.8,NaN
158.9,NaN
159,NaN
159.1,NaN
159.2,NaN
159.3,NaN
159.4,NaN
159.5,NaN
159.6,NaN
159.7,NaN
159.8,NaN
159.9,NaN
160,NaN
160.1,NaN
160.2,NaN
160.3,NaN
160.4,NaN
160.5,NaN
160.6,NaN
160.7,NaN
160.8,NaN
160.9,NaN
161,NaN
161.1,NaN
161.2,NaN
161.3,NaN
161.4,NaN
161.5,NaN
161.6,NaN
161.7,NaN
161.8,NaN
161.9,NaN
162,NaN
162.1,NaN
162.2,NaN
162.3,NaN
162.4,NaN
162.5,NaN
162.6,NaN
162.7,NaN
162.8,NaN
162.9,NaN
163,NaN
163.1,NaN
163.2,NaN
163.3,NaN
163.4,NaN
163.5,NaN
163.6,NaN
163.7,NaN
163.8,NaN
163.9,NaN
164,NaN
164.1,NaN
164.2,NaN
164.3,NaN
164.4,NaN
164.5,NaN
164.6,NaN
164.7,NaN
164.8,NaN
164.9,NaN
165,NaN
165.1,NaN
165.2,NaN
165.3,NaN
165.4,NaN
165.5,NaN
165.6,NaN
165.7,NaN
165.8,NaN
165.9,NaN
166,NaN
166.1,NaN
166.2,NaN
166.3,NaN
166.4,NaN
166.5,NaN
166.6,NaN
166.7,NaN
166.8,NaN
166.9,NaN
167,NaN
167.1,NaN
167.2,NaN
167.3,NaN
167.4,NaN
167.5,NaN
167.6,NaN
167.7,NaN
167.8,NaN
167.9,NaN
168,NaN
168.1,NaN
168.2,NaN
168.3,NaN
168.4,NaN
168.5,NaN
168.6,NaN
168.7,NaN
168.8,NaN
168.9,NaN
169,NaN
169.1,NaN
169.2,NaN
169.3,NaN
169.4,NaN
169.5,NaN
169.6,NaN
169.7,NaN
169.8,NaN
169.9,NaN
170,NaN
170.1,NaN
170.2,NaN
170.3,NaN
170.4,NaN
170.5,NaN
170.6,NaN
170.7,NaN
170.8,NaN
170.9,NaN
171,NaN
171.1,NaN
171.2,NaN
171.3,NaN
171.4,NaN
171.5,NaN
171.6,NaN
171.7,NaN
171.8,NaN
171.9,NaN
172,NaN
172.1,NaN
172.2,NaN
172.3,NaN
172.4,NaN
172.5,NaN
172.6,NaN
172.7,NaN
172.8,NaN
172.9,NaN
173,NaN
173.1,NaN
173.2,NaN
173.3,NaN
173.4,NaN
173.5,NaN
173.6,NaN
173.7,NaN
173.8,NaN
173.9,NaN
174,NaN
174.1,NaN
174.2,NaN
174.3,NaN
174.4,NaN
174.5,NaN
174.6,NaN
174.7,NaN
174.8,NaN
174.9,NaN
175,NaN
175.1,NaN
175.2,NaN
175.3,NaN
175.4,NaN
175.5,NaN
175.6,NaN
175.7,NaN
175.8,NaN
175.9,NaN
176,NaN
176.1,NaN
176.2,NaN
176.3,NaN
176.4,NaN
176.5,NaN
176.6,NaN
176.7,NaN
176.8,NaN
176.9,NaN
177,NaN
177.1,NaN
177.2,NaN
177.3,NaN
177.4,NaN
177.5,NaN
177.6,NaN
177.7,NaN
177.8,NaN
177.9,NaN
178,NaN
178.1,NaN
178.2,NaN
178.3,NaN
178.4,NaN
178.5,NaN
178.6,NaN
178.7,NaN
178.8,NaN
178.9,NaN
179,NaN
179.1,NaN
179.2,NaN
179.3,NaN
179.4,NaN
179.5,NaN
179.6,NaN
179.7,NaN
179.8,NaN
179.9,NaN
180,NaN
180.1,NaN
180.2,NaN
180.3,NaN
180.4,NaN
180.5,NaN
180.6,NaN
180.7,NaN
180.8,NaN
180.9,NaN
181,NaN
181.1,NaN
181.2,NaN
181.3,NaN
181.4,NaN
181.5,NaN
181.6,NaN
181.7,NaN
181.8,NaN
181.9,NaN
182,NaN
182.1,NaN
182.2,NaN
182.3,NaN
182.4,NaN
182.5,NaN
182.6,NaN
182.7,NaN
182.8,NaN
182.9,NaN
183,NaN
183.1,NaN
183.2,NaN
183.3,NaN
183.4,NaN
183.5,NaN
183.6,NaN
183.7,NaN
183.8,NaN
183.9,NaN
184,NaN
184.1,NaN
184.2,NaN
184.3,NaN
184.4,NaN
184.5,NaN
184.6,NaN
184.7,NaN
184.8,NaN
184.9,NaN
185,NaN
185.1,NaN
185.2,NaN
185.3,NaN
185.4,NaN
185.5,NaN
185.6,NaN
185.7,NaN
185.8,NaN
185.9,NaN
186,NaN
186.1,NaN
186.2,NaN
186.3,NaN
186.4,NaN
186.5,NaN
186.6,NaN
186.7,NaN
186.8,NaN
186.9,NaN
187,NaN
187.1,NaN
187.2,NaN
187.3,NaN
187.4,NaN
187.5,NaN
187.6,NaN
187.7,NaN
187.8,NaN
187.9,NaN
188,NaN
188.1,NaN
188.2,NaN
188.3,NaN
188.4,NaN
188.5,NaN
188.6,NaN
188.7,NaN
188.8,NaN
188.9,NaN
189,NaN
189.1,NaN
189.2,NaN
189.3,NaN
189.4,NaN
189.5,NaN
189.6,NaN
189.7,NaN
189.8,NaN
189.9,NaN
190,NaN
190.1,NaN
190.2,NaN
190.3,NaN
190.4,NaN
190.5,NaN
190.6,NaN
190.7,NaN
190.8,NaN
190.9,NaN
191,NaN
191.1,NaN
191.2,NaN
191.3,NaN
191.4,NaN
191.5,NaN
191.6,NaN
191.7,NaN
191.8,NaN
191.9,NaN
192,NaN
192.1,NaN
192.2,NaN
192.3,NaN
192.4,NaN
192.5,NaN
192.6,NaN
192.7,NaN
192.8,NaN
192.9,NaN
193,NaN
193.1,NaN
193.2,NaN
193.3,NaN
193.4,NaN
193.5,NaN
193.6,NaN
193.7,NaN
193.8,NaN
193.9,NaN
194,NaN
194.1,NaN
194.2,NaN
194.3,NaN
194.4,NaN
194.5,NaN
194.6,NaN
194.7,NaN
194.8,NaN
194.9,NaN
195,NaN
195.1,NaN
195.2,NaN
195.3,NaN
195.4,NaN
195.5,NaN
195.6,NaN
195.7,NaN
195.8,NaN
195.9,NaN
196,NaN
196.1,NaN
196.2,NaN
196.3,NaN
196.4,NaN
196.5,NaN
196.6,NaN
196.7,NaN
196.8,NaN
196.9,NaN
197,NaN
197.1,NaN
197.2,NaN
197.3,NaN
197.4,NaN
197.5,NaN
197.6,NaN
197.7,NaN
197.8,NaN
197.9,NaN
198,NaN
198.1,NaN
198.2,NaN
198.3,NaN
198.4,NaN
198.5,NaN
198.6,NaN
198.7,NaN
198.8,NaN
198.9,NaN
199,NaN
199.1,NaN
199.2,NaN
199.3,NaN
199.4,NaN
199.5,NaN
199.6,NaN
199.7,NaN
199.8,NaN
199.9,NaN
200,NaN
