0,0.119551843625321
0.1,0.358941148544319
0.2,0.718453735101659
0.3,1.1983756232417
0.4,1.79899302941565
0.5,2.52059236347251
0.6,3.36346022553406
0.7,4.32788340285388
0.8,5.41414886666061
0.9,6.62254376898545
1,7.95335543947424
1.1,9.40687138218397
1.2,10.9833792723641
1.3,12.6831669532227
1.4,14.5065224326775
1.5,16.4537338800919
1.6,18.5250896229968
1.7,20.7208781437971
1.8,23.0413880764639
1.9,25.4869082032129
2,28.057727451168
2.1,30.7541348890112
2.2,33.5764197236183
2.3,36.5248712966814
2.4,39.5997790813176
2.5,42.8014326786638
2.6,46.1301218144595
2.7,49.586136335615
2.8,53.1697662067681
2.9,56.8813015068272
3,60.7210324255021
3.1,64.6892492598227
3.2,68.7862424106453
3.3,73.0123023791463
3.4,77.3677197633058
3.5,81.8527852543772
3.6,86.4677896333478
3.7,91.2130237673861
3.8,96.0887786062794
3.9,101.09534517886
4,106.233014589421
4.1,111.502078014122
4.2,116.902826697382
4.3,122.435551948267
4.4,128.100545136864
4.5,133.898097690647
4.6,139.828501090833
4.7,145.892046868729
4.8,152.089026602069
4.9,158.419731911348
5,164.884454456136
5.1,171.483485931396
5.2,178.217118063788
5.3,185.085642607965
5.4,192.089351342863
5.5,199.228536067981
5.6,206.503488599662
5.7,213.914500767353
5.8,221.461864409874
5.9,229.145871371672
6,236.966813499067
6.1,244.924982636499
6.2,253.020670622766
6.3,261.254169287257
6.4,269.625770446178
6.5,278.135765898777
6.6,286.784447423565
6.7,295.572106774525
6.8,304.49903567733
6.9,313.565525825543
7,322.771868876827
7.1,332.118356449142
7.2,341.605280116945
7.3,351.232931407384
7.4,361.001601796495
7.5,370.911582705388
7.6,380.963165496441
7.7,391.156641469491
7.8,401.492301858015
7.9,411.970437825321
8,422.591340460737
8.1,433.355300775793
8.2,444.26260970041
8.3,455.31355807909
8.4,466.508436667099
8.5,477.847536126661
8.6,489.331147023148
8.7,500.959559821271
8.8,512.733064881278
8.9,524.651952455151
9,536.716512682804
9.1,548.927035588289
9.2,561.283811076004
9.3,573.787128926902
9.4,586.437278794705
9.5,599.234550202127
9.6,612.179232537097
9.7,625.271615048987
9.8,638.511986844852
9.9,651.900636885665
10,665.437853982569
10.1,679.123926793129
10.2,692.959143817595
10.3,706.943793395168
10.4,721.078163700277
10.5,735.362542738863
10.6,749.797218344672
10.7,764.382478175556
10.8,779.118609709782
10.9,794.005900242355
11,809.044636881345
11.1,824.235106544227
11.2,839.577595954234
11.3,855.072391636717
11.4,870.719779915518
11.5,886.520046909355
11.6,902.473478528219
11.7,918.580360469784
11.8,934.840978215829
11.9,951.255617028671
12,967.824561947621
12.1,984.54809778544
12.2,1001.42650912482
12.3,1018.46008031488
12.4,1035.64909546767
12.5,1052.99383845468
12.6,1070.49459290342
12.7,1088.15164219394
12.8,1105.96526945541
12.9,1123.93575756272
13,1142.06338913306
13.1,1160.3484465226
13.2,1178.79121182307
13.3,1197.39196685848
13.4,1216.15099318176
13.5,1235.06857207148
13.6,1254.14498452857
13.7,1273.38051127306
13.8,1292.77543274085
13.9,1312.33002908048
14,1332.04458014994
14.1,1351.91936551352
14.2,1371.95466443863
14.3,1392.15075589269
14.4,1412.50791854002
14.5,1433.02643073877
14.6,1453.70657053785
14.7,1474.54861567391
14.8,1495.55284356832
14.9,1516.71953132421
15,1538.04895572351
15.1,1559.541393224
15.2,1581.19711995643
15.3,1603.01641172164
15.4,1624.99954398772
15.5,1647.14679188715
15.6,1669.45843021408
15.7,1691.93473342148
15.8,1714.57597561848
15.9,1737.38243056763
16,1760.35437168223
16.1,1783.4920720237
16.2,1806.79580429893
16.3,1830.26584085773
16.4,1853.90245369028
16.5,1877.7059144246
16.6,1901.67649432405
16.7,1925.8144642849
16.8,1950.1200948339
16.9,1974.59365612588
17,1999.23541794144
17.1,2024.04564968456
17.2,2049.02462038038
17.3,2074.17259867294
17.4,2099.48985282291
17.5,2124.97665070551
17.6,2150.63325980829
17.7,2176.45994722904
17.8,2202.45697967376
17.9,2228.62462345459
18,2254.96314448786
18.1,2281.4728082921
18.2,2308.15387998612
18.3,2335.00662428719
18.4,2362.03130550915
18.5,2389.22818756065
18.6,2416.59753394336
18.7,2444.1396077503
18.8,2471.85467166414
18.9,2499.74298795557
19,2527.80481848172
19.1,2556.0404246846
19.2,2584.45006758963
19.3,2613.03400780413
19.4,2641.79250551594
19.5,2670.72582049202
19.6,2699.83421207717
19.7,2729.11793919267
19.8,2758.57726033511
19.9,2788.21243357515
20,2818.0237165564
20.1,2848.0113664943
20.2,2878.17564017507
20.3,2908.51679395472
20.4,2939.03508375803
20.5,2969.73076507773
20.6,3000.60409297352
20.7,3031.65532207136
20.8,3062.88470656262
20.9,3094.29250020341
21,3125.87895631387
21.1,3157.64432777758
21.2,3189.58886704098
21.3,3221.71282611282
21.4,3254.01645656374
21.5,3286.50000952581
21.6,3319.16373569217
21.7,3352.00788531673
21.8,3385.03270821388
21.9,3418.23845375829
22,3451.62537088476
22.1,3485.19370808809
22.2,3518.94371342304
22.3,3552.87563450434
22.4,3586.98971850671
22.5,3621.286212165
22.6,3655.76536177434
22.7,3690.42741319035
22.8,3725.27261182943
22.9,3760.30120266905
23,3795.51343024819
23.1,3830.90953866772
23.2,3866.48977159094
23.3,3902.2543722441
23.4,3938.20358341702
23.5,3974.33764746376
23.6,4010.65680630334
23.7,4047.16130142049
23.8,4083.85137386656
23.9,4120.72726426033
24,4157.78921278903
24.1,4195.0374592093
24.2,4232.47224284831
24.3,4270.09380260487
24.4,4307.90237695059
24.5,4345.89820393119
24.6,4384.08152116775
24.7,4422.45256585812
24.8,4461.01157477833
24.9,4499.75878428409
25,4538.69443031232
25.1,4577.81874838279
25.2,4617.13197359978
25.3,4656.63434065381
25.4,4696.32608382341
25.5,4736.20743697706
25.6,4776.27863357501
25.7,4816.53990667131
25.8,4856.99148891588
25.9,4897.63361255654
26,4938.46650944126
26.1,4979.49041102033
26.2,5020.70554834871
26.3,5062.11215208831
26.4,5103.71045251051
26.5,5145.50067949856
26.6,5187.48306255017
26.7,5229.65783078012
26.8,5272.02521292292
26.9,5314.58543733558
27,5357.33873200037
27.1,5400.28532452775
27.2,5443.42544215922
27.3,5486.75931177042
27.4,5530.2871598741
27.5,5574.00921262332
27.6,5617.9256958146
27.7,5662.03683489118
27.8,5706.34285494638
27.9,5750.84398072695
28,5795.54043663654
28.1,5840.43244673924
28.2,5885.52023476312
28.3,5930.80402410395
28.4,5976.28403782883
28.5,6021.96049868005
28.6,6067.83362907893
28.7,6113.90365112969
28.8,6160.17078662348
28.9,6206.63525704242
29,6253.29728356367
29.1,6300.15708706371
29.2,6347.21488812248
29.3,6394.47090702778
29.4,6441.92536377958
29.5,6489.57847809455
29.6,6537.4304694105
29.7,6585.481556891
29.8,6633.73195943003
29.9,6682.18189565669
30,6730.83158393997
30.1,6779.68124239363
30.2,6828.73108888109
30.3,6877.98134102041
30.4,6927.43221618938
30.5,6977.0839315306
30.6,7026.93670395667
30.7,7076.99075015546
30.8,7127.24628659542
30.9,7177.70352953096
31,7228.3626950079
31.1,7279.22399886902
31.2,7330.28765675961
31.3,7381.55388413314
31.4,7433.022896257
31.5,7484.69490821825
31.6,7536.57013492952
31.7,7588.64879113488
31.8,7640.93109141589
31.9,7693.4172501976
32,7746.10748175473
32.1,7799.0020002178
32.2,7852.10101957943
32.3,7905.40475370065
32.4,7958.91341631731
32.5,8012.62722104649
32.6,8066.54638139307
32.7,8120.67111075631
32.8,8175.00162243649
32.9,8229.53812964166
33,8284.28084549442
33.1,8339.22998303875
33.2,8394.38575524699
33.3,8449.74837502677
33.4,8505.31805522813
33.5,8561.09500865056
33.6,8617.07944805027
33.7,8673.2715861474
33.8,8729.67163563333
33.9,8786.27980917812
34,8843.0963194379
34.1,8900.12137906242
34.2,8957.35520070263
34.3,9014.79799701833
34.4,9072.44998068589
34.5,9130.311364406
34.6,9188.38236091155
34.7,9246.66318297553
34.8,9305.154043419
34.9,9363.85515511914
35,9422.76673101734
35.1,9481.88898412737
35.2,9541.22212754366
35.3,9600.76637444953
35.4,9660.52193812562
35.5,9720.48903195826
35.6,9780.66786944802
35.7,9841.05866421823
35.8,9901.66163002361
35.9,9962.47698075896
36,10023.5049304679
36.1,10084.7456933518
36.2,10146.1994837783
36.3,10207.8665162908
36.4,10269.7470056169
36.5,10331.841166678
36.6,10394.149214598
36.7,10456.6713647127
36.8,10519.4078325791
36.9,10582.3588339844
37,10645.5245849559
37.1,10708.9053017702
37.2,10772.5012009624
37.3,10836.3124993362
37.4,10900.3394139733
37.5,10964.582162243
37.6,11029.040961812
37.7,11093.7160306545
37.8,11158.6075870617
37.9,11223.7158496519
38,11289.0410373806
38.1,11354.5833695504
38.2,11420.3430658213
38.3,11486.3203462209
38.4,11552.5154311544
38.5,11618.9285414151
38.6,11685.559898195
38.7,11752.4097230947
38.8,11819.4782381345
38.9,11886.7656657644
39,11954.2722288753
39.1,12021.998150809
39.2,12089.9436553698
39.3,12158.1089668344
39.4,12226.4943099634
39.5,12295.0999100121
39.6,12363.9259927414
39.7,12432.9727844286
39.8,12502.2405118791
39.9,12571.7294024371
40,12641.439683997
40.1,12711.3715850146
40.2,12781.5253345187
40.3,12851.9011621221
40.4,12922.4992980333
40.5,12993.3199730683
40.6,13064.3634186616
40.7,13135.6298668784
40.8,13207.1195504258
40.9,13278.8327026651
41,13350.7695576232
41.1,13422.9303500048
41.2,13495.3153152041
41.3,13567.924689317
41.4,13640.7587091529
41.5,13713.8176122473
41.6,13787.1016368734
41.7,13860.6110220549
41.8,13934.3460075778
41.9,14008.3068340033
42,14082.4937426796
42.1,14156.9069757549
42.2,14231.5467761899
42.3,14306.4133877701
42.4,14381.5070551185
42.5,14456.8280237087
42.6,14532.3765398773
42.7,14608.152850837
42.8,14684.1572046892
42.9,14760.3898504372
43,14836.8510379992
43.1,14913.5410182213
43.2,14990.4600428906
43.3,15067.6083647487
43.4,15144.9862375043
43.5,15222.5939158475
43.6,15300.4316554621
43.7,15378.4997130399
43.8,15456.7983462938
43.9,15535.3278139714
44,15614.0883758684
44.1,15693.080292843
44.2,15772.3038268287
44.3,15851.7592408489
44.4,15931.4467990302
44.5,16011.3667666166
44.6,16091.5194099834
44.7,16171.9049966513
44.8,16252.5237953005
44.9,16333.3760757848
45,16414.4621091458
45.1,16495.7821676273
45.2,16577.3365246897
45.3,16659.1254550241
45.4,16741.1492345671
45.5,16823.4081405154
45.6,16905.9024513398
45.7,16988.6324468007
45.8,17071.5984079622
45.9,17154.800617207
46,17238.2393582516
46.1,17321.9149161608
46.2,17405.8275773629
46.3,17489.9776296644
46.4,17574.3653622659
46.5,17658.9910657763
46.6,17743.8550322286
46.7,17828.9575550952
46.8,17914.2989293031
46.9,17999.8794512492
47,18085.6994188162
47.1,18171.7591313879
47.2,18258.0588898646
47.3,18344.5989966794
47.4,18431.3797558135
47.5,18518.4014728119
47.6,18605.6644547998
47.7,18693.1690104984
47.8,18780.9154502404
47.9,18868.9040859869
48,18957.1352313431
48.1,19045.6092015747
48.2,19134.3263136238
48.3,19223.2868861261
48.4,19312.4912394266
48.5,19401.9396955965
48.6,19491.6325784495
48.7,19581.5702135588
48.8,19671.7529282738
48.9,19762.1810517364
49,19852.8549148987
49.1,19943.7748505393
49.2,20034.9411932805
49.3,20126.3542796055
49.4,20218.0144478757
49.5,20309.9220383475
49.6,20402.0773931901
49.7,20494.4808565028
49.8,20587.1327743321
49.9,20680.0334946898
50,20773.1833675704
50.1,20866.5827449687
50.2,20960.2319808979
50.3,21054.131431407
50.4,21148.2814545995
50.5,21242.6824106505
50.6,21337.3346618257
50.7,21432.238572499
50.8,21527.3945091711
50.9,21622.8028404877
51,21718.4639372582
51.1,21814.3781724739
51.2,21910.5459213268
51.3,22006.9675612285
51.4,22103.6434718286
51.5,22200.5740350339
51.6,22297.7596350273
51.7,22395.2006582867
51.8,22492.8974936045
51.9,22590.8505321064
52,22689.0601672714
52.1,22787.5267949503
52.2,22886.2508133861
52.3,22985.2326232331
52.4,23084.4726275769
52.5,23183.971231954
52.6,23283.7288443718
52.7,23383.7458753287
52.8,23484.0227378339
52.9,23584.5598474281
53,23685.3576222032
53.1,23786.4164828234
53.2,23887.7368525449
53.3,23989.3191572372
53.4,24091.1638254035
53.5,24193.2712882017
53.6,24295.641979465
53.7,24398.2763357233
53.8,24501.174796224
53.9,24604.3378029538
54,24707.7658006592
54.1,24811.4592368689
54.2,24915.4185619148
54.3,25019.6442289539
54.4,25124.13669399
54.5,25228.8964158958
54.6,25333.923856435
54.7,25439.219480284
54.8,25544.7837550549
54.9,25650.6171513173
55,25756.7201426212
55.1,25863.0932055194
55.2,25969.7368195905
55.3,26076.6514674617
55.4,26183.8376348319
55.5,26291.2958104948
55.6,26399.0264863621
55.7,26507.0301574871
55.8,26615.3073220883
55.9,26723.8584815728
56,26832.6841405604
56.1,26941.7848069074
56.2,27051.1609917309
56.3,27160.8132094329
56.4,27270.7419777244
56.5,27380.9478176508
56.6,27491.4312536154
56.7,27602.1928134052
56.8,27713.2330282154
56.9,27824.5524326745
57,27936.1515648698
57.1,28048.0309663725
57.2,28160.1911822635
57.3,28272.6327611594
57.4,28385.3562552375
57.5,28498.3622202628
57.6,28611.6512156138
57.7,28725.2238043087
57.8,28839.0805530323
57.9,28953.2220321624
58,29067.6488157967
58.1,29182.3614817802
58.2,29297.3606117318
58.3,29412.6467910723
58.4,29528.2206090516
58.5,29644.0826587763
58.6,29760.2335372381
58.7,29876.6738453415
58.8,29993.4041879323
58.9,30110.4251738257
59,30227.7374158357
59.1,30345.3415308031
59.2,30463.2381396251
59.3,30581.4278672843
59.4,30699.9113428782
59.5,30818.6891996487
59.6,30937.7620750124
59.7,31057.1306105898
59.8,31176.7954522364
59.9,31296.7572500726
60,31417.0166585146
60.1,31537.5743363051
60.2,31658.4309465444
60.3,31779.5871567222
60.4,31901.0436387482
60.5,32022.8010689846
60.6,32144.8601282778
60.7,32267.2215019908
60.8,32389.8858800351
60.9,32512.8539569039
61,32636.126431705
61.1,32759.7040081935
61.2,32883.5873948054
61.3,33007.7773046916
61.4,33132.274455751
61.5,33257.0795706653
61.6,33382.1933769332
61.7,33507.6166069047
61.8,33633.3499978164
61.9,33759.3942918264
62,33885.7502360499
62.1,34012.4185825947
62.2,34139.4000885972
62.3,34266.6955162588
62.4,34394.3056328819
62.5,34522.2312109076
62.6,34650.4730279516
62.7,34779.0318668426
62.8,34907.9085156593
62.9,35037.1037677686
63,35166.6184218637
63.1,35296.4532820029
63.2,35426.6091576479
63.3,35557.0868637037
63.4,35687.8872205573
63.5,35819.0110541181
63.6,35950.4591958576
63.7,36082.23248285
63.8,36214.3317578127
63.9,36346.7578691478
64,36479.5116709832
64.1,36612.5940232142
64.2,36746.0057915462
64.3,36879.7478475362
64.4,37013.8210686367
64.5,37148.2263382378
64.6,37282.9645457113
64.7,37418.0365864545
64.8,37553.4433619343
64.9,37689.1857797317
65,37825.2647535873
65.1,37961.6812034457
65.2,38098.4360555024
65.3,38235.5302422491
65.4,38372.9647025204
65.5,38510.740381541
65.6,38648.8582309727
65.7,38787.3192089625
65.8,38926.1242801903
65.9,39065.2744159179
66,39204.7705940378
66.1,39344.6137991226
66.2,39484.805022475
66.3,39625.3452621779
66.4,39766.2355231453
66.5,39907.4768171738
66.6,40049.0701629934
66.7,40191.0165863205
66.8,40333.3171199101
66.9,40475.9728036088
67,40618.9846844085
67.1,40762.3538165004
67.2,40906.0812613294
67.3,41050.1680876492
67.4,41194.6153715779
67.5,41339.4241966537
67.6,41484.5956538919
67.7,41630.1308418415
67.8,41776.0308666433
67.9,41922.2968420875
68,42068.9298896727
68.1,42215.931138665
68.2,42363.3017261577
68.3,42511.0427971319
68.4,42659.1555045171
68.5,42807.6410092528
68.6,42956.5004803505
68.7,43105.7350949566
68.8,43255.3460384152
68.9,43405.3345043323
69,43555.7016946403
69.1,43706.4488196628
69.2,43857.5770981805
69.3,44009.0877574975
69.4,44160.9820335085
69.5,44313.2611707661
69.6,44465.9264225493
69.7,44618.9790509326
69.8,44772.4203268552
69.9,44926.2515301922
70,45080.4739498246
70.1,45235.0888837119
70.2,45390.097638964
70.3,45545.5015319148
70.4,45701.3018881957
70.5,45857.5000428106
70.6,46014.0973402112
70.7,46171.0951343731
70.8,46328.4947888726
70.9,46486.2976769649
71,46644.505181662
71.1,46803.1186958126
71.2,46962.1396221816
71.3,47121.5693735316
71.4,47281.4093727043
71.5,47441.6610527033
71.6,47602.3258567775
71.7,47763.4052385053
71.8,47924.9006618802
71.9,48086.8136013966
72,48249.1455421366
72.1,48411.8979798585
72.2,48575.0724210851
72.3,48738.6703831937
72.4,48902.6933945067
72.5,49067.1429943835
72.6,49232.020733313
72.7,49397.3281730072
72.8,49563.0668864959
72.9,49729.2384582223
73,49895.8444841398
73.1,50062.8865718097
73.2,50230.3663404998
73.3,50398.2854212844
73.4,50566.6454571454
73.5,50735.4481030737
73.6,50904.6950261733
73.7,51074.3879057645
73.8,51244.5284334903
73.9,51415.1183134222
74,51586.1592621685
74.1,51757.6530089828
74.2,51929.6012958744
74.3,52102.0058777197
74.4,52274.8685223747
74.5,52448.1910107887
74.6,52621.9751371199
74.7,52796.2227088514
74.8,52970.9355469092
74.9,53146.115485781
75,53321.7643736371
75.1,53497.8840724515
75.2,53674.476458126
75.3,53851.5434206137
75.4,54029.0868640459
75.5,54207.1087068592
75.6,54385.6108819242
75.7,54564.5953366764
75.8,54744.0640332476
75.9,54924.0189485996
76,55104.4620746593
76.1,55285.3954184549
76.2,55466.8210022545
76.3,55648.7408637055
76.4,55831.1570559761
76.5,56014.0716478984
76.6,56197.4867241135
76.7,56381.4043852173
76.8,56565.8267479091
76.9,56750.7559451419
77,56936.1941262735
77.1,57122.1434572205
77.2,57308.6061206136
77.3,57495.5843159551
77.4,57683.0802597776
77.5,57871.0961858056
77.6,58059.6343451184
77.7,58248.697006315
77.8,58438.2864556814
77.9,58628.4049973594
78,58819.054953518
78.1,59010.2386645266
78.2,59201.9584891304
78.3,59394.2168046278
78.4,59587.0160070503
78.5,59780.3585113446
78.6,59974.2467515567
78.7,60168.6831810182
78.8,60363.6702725358
78.9,60559.210518582
79,60755.306431489
79.1,60951.9605436445
79.2,61149.1754076908
79.3,61346.9535967256
79.4,61545.2977045052
79.5,61744.2103456516
79.6,61943.6941558609
79.7,62143.7517921145
79.8,62344.385932894
79.9,62545.5992783981
80,62747.394550762
80.1,62949.7744942805
80.2,63152.7418756332
80.3,63356.2994841135
80.4,63560.4501318597
80.5,63765.1966540894
80.6,63970.5419093374
80.7,64176.4887796964
80.8,64383.0401710606
80.9,64590.1990133732
81,64797.9682608764
81.1,65006.3508923655
81.2,65215.3499114456
81.3,65424.9683467927
81.4,65635.2092524172
81.5,65846.0757079319
81.6,66057.5708188231
81.7,66269.6977167252
81.8,66482.4595596999
81.9,66695.8595325179
82,66909.900846946
82.1,67124.5867420362
82.2,67339.9204844211
82.3,67555.9053686109
82.4,67772.5447172965
82.5,67989.8418816559
82.6,68207.8002416646
82.7,68426.4232064111
82.8,68645.714214416
82.9,68865.6767339563
83,69086.3142633935
83.1,69307.6303315073
83.2,69529.6284978328
83.3,69752.3123530034
83.4,69975.6855190984
83.5,70199.751649995
83.6,70424.5144317264
83.7,70649.9775828437
83.8,70876.144854784
83.9,71103.0200322438
84,71330.6069335566
84.1,71558.909411078
84.2,71787.9313515741
84.3,72017.6766766177
84.4,72248.1493429887
84.5,72479.353343081
84.6,72711.2927053159
84.7,72943.9714945604
84.8,73177.3938125527
84.9,73411.5637983339
85,73646.4856286852
85.1,73882.1635185732
85.2,74118.6017216002
85.3,74355.8045304629
85.4,74593.7762774163
85.5,74832.5213347462
85.6,75072.0441152479
85.7,75312.3490727125
85.8,75553.4407024203
85.9,75795.3235416424
86,76038.0021701496
86.1,76281.4812107289
86.2,76525.7653297085
86.3,76770.8592374903
86.4,77016.7676890917
86.5,77263.4954846946
86.6,77511.047470204
86.7,77759.4285378147
86.8,78008.6436265874
86.9,78258.6977230336
87,78509.59586171
87.1,78761.3431258219
87.2,79013.944647837
87.3,79267.4056101081
87.4,79521.7312455066
87.5,79776.9268380659
87.6,80032.9977236349
87.7,80289.9492905425
87.8,80547.7869802728
87.9,80806.5162881514
88,81066.1427640425
88.1,81326.6720130581
88.2,81588.1096962786
88.3,81850.4615314851
88.4,82113.733293904
88.5,82377.9308169645
88.6,82643.0599930677
88.7,82909.1267743696
88.8,83176.1371735768
88.9,83444.0972647558
89,83713.0131841556
89.1,83982.8911310448
89.2,84253.737368563
89.3,84525.5582245861
89.4,84798.3600926071
89.5,85072.1494326322
89.6,85346.9327720914
89.7,85622.7167067662
89.8,85899.5079017326
89.9,86177.3130923209
90,86456.139085092
90.1,86735.9927588316
90.2,87016.8810655612
90.3,87298.8110315673
90.4,87581.7897584492
90.5,87865.824424185
90.6,88150.9222842171
90.7,88437.0906725571
90.8,88724.3370029108
90.9,89012.6687698229
91,89302.0935498437
91.1,89592.619002716
91.2,89884.2528725842
91.3,90177.0029892261
91.4,90470.8772693064
91.5,90765.8837176541
91.6,91062.030428564
91.7,91359.3255871214
91.8,91657.7774705528
91.9,91957.3944496012
92,92258.1849899277
92.1,92560.1576535398
92.2,92863.3211002464
92.3,93167.6840891411
92.4,93473.2554801138
92.5,93780.0442353911
92.6,94088.0594211071
92.7,94397.3102089039
92.8,94707.805877564
92.9,95019.555814674
93,95332.5695183217
93.1,95646.8565988259
93.2,95962.4267805008
93.3,96279.2899034556
93.4,96597.4559254296
93.5,96916.9349236648
93.6,97237.737096815
93.7,97559.8727668949
93.8,97883.3523812674
93.9,98208.1865146722
94,98534.3858712957
94.1,98861.9612868833
94.2,99190.9237308951
94.3,99521.284308707
94.4,99853.0542638566
94.5,100186.244980336
94.6,100520.867984935
94.7,100856.93494963
94.8,101194.457694024
94.9,101533.448187844
95,101873.918553483
95.1,102215.881068603
95.2,102559.348168792
95.3,102904.332450277
95.4,103250.846672698
95.5,103598.903761942
95.6,103948.516813038
95.7,104299.699093117
95.8,104652.464044436
95.9,105006.825287474
96,105362.796624085
96.1,105720.39204074
96.2,106079.625711822
96.3,106440.512003013
96.4,106803.065474746
96.5,107167.300885739
96.6,107533.233196616
96.7,107900.877573601
96.8,108270.249392306
96.9,108641.364241602
97,109014.237927586
97.1,109388.886477632
97.2,109765.326144548
97.3,110143.573410824
97.4,110523.644992985
97.5,110905.557846044
97.6,111289.329168072
97.7,111674.976404862
97.8,112062.517254724
97.9,112451.969673383
98,112843.351879006
98.1,113236.68235735
98.2,113631.979867034
98.3,114029.26344495
98.4,114428.552411803
98.5,114829.866377789
98.6,115233.225248429
98.7,115638.649230531
98.8,116046.158838323
98.9,116455.774899736
99,116867.518562844
99.1,117281.411302481
99.2,117697.474927026
99.3,118115.731585361
99.4,118536.203774023
99.5,118958.914344537
99.6,119383.88651095
99.7,119811.14385756
99.8,120240.710346861
99.9,120672.610327699
100,121103.065553225
100.1,121532.097893103
100.2,121959.728714423
100.3,122385.978897166
100.4,122810.868849054
100.5,123234.418519845
100.6,123656.647415078
100.7,124077.574609298
100.8,124497.21875879
100.9,124915.598113836
101,125332.730530525
101.1,125748.633482123
101.2,126163.324070041
101.3,126576.8190344
101.4,126989.134764218
101.5,127400.287307245
101.6,127810.292379441
101.7,128219.165374126
101.8,128626.921370818
101.9,129033.575143758
102,129439.141170151
102.1,129843.633638123
102.2,130247.06645441
102.3,130649.453251791
102.4,131050.807396277
102.5,131451.141994055
102.6,131850.469898212
102.7,132248.803715235
102.8,132646.155811306
102.9,133042.538318391
103,133437.963140135
103.1,133832.441957573
103.2,134225.986234659
103.3,134618.607223624
103.4,135010.315970164
103.5,135401.123318475
103.6,135791.039916127
103.7,136180.07621879
103.8,136568.242494825
103.9,136955.548829726
104,137342.005130436
104.1,137727.621129536
104.2,138112.406389304
104.3,138496.370305661
104.4,138879.522112002
104.5,139261.87088291
104.6,139643.425537772
104.7,140024.194844282
104.8,140404.187421856
104.9,140783.411744936
105,141161.876146215
105.1,141539.588819765
105.2,141916.557824078
105.3,142292.791085023
105.4,142668.296398728
105.5,143043.081434375
105.6,143417.153736923
105.7,143790.520729758
105.8,144163.189717273
105.9,144535.167887375
106,144906.46231393
106.1,145277.079959141
106.2,145647.027675864
106.3,146016.312209866
106.4,146384.940202018
106.5,146752.918190443
106.6,147120.252612594
106.7,147486.949807294
106.8,147853.016016712
106.9,148218.457388296
107,148583.279976657
107.1,148947.489745402
107.2,149311.092568927
107.3,149674.094234162
107.4,150036.500442271
107.5,150398.316810319
107.6,150759.548872889
107.7,151120.202083665
107.8,151480.281816974
107.9,151839.793369297
108,152198.741960735
108.1,152557.132736447
108.2,152914.970768053
108.3,153272.261055001
108.4,153629.008525906
108.5,153985.218039856
108.6,154340.894387685
108.7,154696.042293224
108.8,155050.666414517
108.9,155404.771345008
109,155758.361614709
109.1,156111.441691337
109.2,156464.01598142
109.3,156816.088831388
109.4,157167.664528636
109.5,157518.747302559
109.6,157869.341325571
109.7,158219.450714098
109.8,158569.079529548
109.9,158918.231779265
110,159266.911417458
110.1,159615.122346109
110.2,159962.868415866
110.3,160310.153426914
110.4,160656.981129828
110.5,161003.355226409
110.6,161349.2793705
110.7,161694.757168785
110.8,162039.792181578
110.9,162384.387923584
111,162728.547864654
111.1,163072.27543052
111.2,163415.574003518
111.3,163758.446923289
111.4,164100.897487476
111.5,164442.928952398
111.6,164784.544533718
111.7,165125.74740709
111.8,165466.540708797
111.9,165806.92753638
112,166146.910949247
112.1,166486.493969272
112.2,166825.67958139
112.3,167164.470734168
112.4,167502.870340374
112.5,167840.881277531
112.6,168178.506388461
112.7,168515.748481821
112.8,168852.610332625
112.9,169189.094682753
113,169525.204241466
113.1,169860.941685886
113.2,170196.309661493
113.3,170531.310782595
113.4,170865.947632794
113.5,171200.222765447
113.6,171534.138704115
113.7,171867.697943001
113.8,172200.902947388
113.9,172533.756154063
114,172866.259971731
114.1,173198.416781429
114.2,173530.228936925
114.3,173861.698765115
114.4,174192.828566413
114.5,174523.620615127
114.6,174854.077159837
114.7,175184.200423761
114.8,175513.992605117
114.9,175843.455877477
115,176172.592390113
115.1,176501.404268347
115.2,176829.893613876
115.3,177158.062505113
115.4,177485.912997504
115.5,177813.447123852
115.6,178140.666894628
115.7,178467.57429828
115.8,178794.171301535
115.9,179120.4598497
116,179446.44186695
116.1,179772.119256619
116.2,180097.493901481
116.3,180422.567664029
116.4,180747.342386751
116.5,181071.819892393
116.6,181396.00198423
116.7,181719.890446319
116.8,182043.487043763
116.9,182366.793522956
117,182689.811611832
117.1,183012.54302011
117.2,183334.989439534
117.3,183657.152544104
117.4,183979.033990312
117.5,184300.63541737
117.6,184621.958447432
117.7,184943.004685814
117.8,185263.775721216
117.9,185584.27312593
118,185904.498456056
118.1,186224.453251704
118.2,186544.1390372
118.3,186863.557321286
118.4,187182.70959732
118.5,187501.597343467
118.6,187820.222022891
118.7,188138.585083944
118.8,188456.687960352
118.9,188774.532071398
119,189092.118822098
119.1,189409.449603384
119.2,189726.525792273
119.3,190043.348752042
119.4,190359.919832395
119.5,190676.240369632
119.6,190992.31168681
119.7,191308.135093906
119.8,191623.711887979
119.9,191939.043353322
120,192254.130761617
120.1,192568.975372091
120.2,192883.578431664
120.3,193197.941175094
120.4,193512.064825126
120.5,193825.950592634
120.6,194139.599676764
120.7,194453.013265068
120.8,194766.192533649
120.9,195079.138647289
121,195391.852759587
121.1,195704.336013089
121.2,196016.589539417
121.3,196328.614459396
121.4,196640.411883182
121.5,196951.982910383
121.6,197263.328630186
121.7,197574.450121471
121.8,197885.348452935
121.9,198196.024683208
122,198506.479860968
122.1,198816.715025052
122.2,199126.731204576
122.3,199436.529419038
122.4,199746.110678429
122.5,200055.475983346
122.6,200364.62632509
122.7,200673.562685777
122.8,200982.286038439
122.9,201290.797347127
123,201599.097567008
123.1,201907.187644469
123.2,202215.068517213
123.3,202522.741114353
123.4,202830.206356512
123.5,203137.465155912
123.6,203444.51841647
123.7,203751.367033888
123.8,204058.011895745
123.9,204364.453881581
124,204670.693862992
124.1,204976.732703712
124.2,205282.571259699
124.3,205588.210379219
124.4,205893.650902932
124.5,206198.893663973
124.6,206503.939488029
124.7,206808.789193426
124.8,207113.443591203
124.9,207417.903485193
125,207722.169672096
125.1,208026.242941562
125.2,208330.124076256
125.3,208633.813851942
125.4,208937.313037551
125.5,209240.622395253
125.6,209543.742680529
125.7,209846.674642243
125.8,210149.41902271
125.9,210451.976557763
126,210754.347976825
126.1,211056.534002971
126.2,211358.535352998
126.3,211660.352737487
126.4,211961.98686087
126.5,212263.438421493
126.6,212564.708111677
126.7,212865.796617783
126.8,213166.704620271
126.9,213467.43279376
127,213767.981807091
127.1,214068.352323384
127.2,214368.545000093
127.3,214668.560489072
127.4,214968.399436623
127.5,215268.062483558
127.6,215567.550265251
127.7,215866.863411696
127.8,216166.002547559
127.9,216464.968292232
128,216763.761259886
128.1,217062.382059525
128.2,217360.831295034
128.3,217659.109565232
128.4,217957.217463925
128.5,218255.155579951
128.6,218552.924497231
128.7,218850.524794821
128.8,219147.957046954
128.9,219445.221823095
129,219742.319687978
129.1,220039.251201664
129.2,220336.016919578
129.3,220632.617392557
129.4,220929.053166897
129.5,221225.324784393
129.6,221521.432782389
129.7,221817.377693813
129.8,222113.160047229
129.9,222408.78036687
130,222704.239172688
130.1,222999.536980389
130.2,223294.674301479
130.3,223589.6516433
130.4,223884.469509074
130.5,224179.128397936
130.6,224473.628804982
130.7,224767.971221301
130.8,225062.156134015
130.9,225356.184026317
131,225650.055377506
131.1,225943.770663031
131.2,226237.330354516
131.3,226530.734919808
131.4,226823.984823004
131.5,227117.080524489
131.6,227410.022480974
131.7,227702.811145524
131.8,227995.446967599
131.9,228287.930393084
132,228580.26186432
132.1,228872.441820143
132.2,229164.470695913
132.3,229456.348923545
132.4,229748.076931544
132.5,230039.655145036
132.6,230331.083985797
132.7,230622.363872286
132.8,230913.495219674
132.9,231204.478439876
133,231495.31394158
133.1,231786.002130276
133.2,232076.543408287
133.3,232366.938174795
133.4,232657.186825874
133.5,232947.289754512
133.6,233237.247350647
133.7,233527.060001187
133.8,233816.728090043
133.9,234106.251998153
134,234395.632103511
134.1,234684.86878119
134.2,234973.962403375
134.3,235262.913339381
134.4,235551.721955684
134.5,235840.388615945
134.6,236128.913681036
134.7,236417.297509062
134.8,236705.54045539
134.9,236993.64287267
135,237281.605110862
135.1,237569.427517256
135.2,237857.1104365
135.3,238144.654210621
135.4,238432.059179048
135.5,238719.325678635
135.6,239006.454043688
135.7,239293.444605979
135.8,239580.297694776
135.9,239867.013636861
136,240153.592756554
136.1,240440.035375732
136.2,240726.341813853
136.3,241012.512387976
136.4,241298.547412779
136.5,241584.447200588
136.6,241870.212061387
136.7,242155.842302846
136.8,242441.338230338
136.9,242726.700146959
137,243011.92835355
137.1,243297.023148711
137.2,243581.984828828
137.3,243866.813688084
137.4,244151.510018486
137.5,244436.074109875
137.6,244720.506249955
137.7,245004.8067243
137.8,245288.97581638
137.9,245573.013807579
138,245856.920977206
138.1,246140.697602521
138.2,246424.343958748
138.3,246707.860319091
138.4,246991.246954755
138.5,247274.504134961
138.6,247557.632126962
138.7,247840.631196061
138.8,248123.501605628
138.9,248406.243617114
139,248688.85749007
139.1,248971.343482158
139.2,249253.701849175
139.3,249535.932845061
139.4,249818.036721919
139.5,250100.013730028
139.6,250381.86411786
139.7,250663.588132093
139.8,250945.18601763
139.9,251226.658017607
140,251508.004373416
140.1,251789.225324713
140.2,252070.321109435
140.3,252351.291963814
140.4,252632.13812239
140.5,252912.859818028
140.6,253193.45728193
140.7,253473.930743645
140.8,253754.280431092
140.9,254034.506570561
141,254314.60938674
141.1,254594.589102715
141.2,254874.445939993
141.3,255154.18011851
141.4,255433.791856646
141.5,255713.281371236
141.6,255992.648877583
141.7,256271.894589473
141.8,256551.018719184
141.9,256830.021477498
142,257108.903073717
142.1,257387.663715673
142.2,257666.303609737
142.3,257944.822960837
142.4,258223.221972463
142.5,258501.500846684
142.6,258779.659784156
142.7,259057.698984136
142.8,259335.61864449
142.9,259613.418961708
143,259891.100130912
143.1,260168.662345868
143.2,260446.105798998
143.3,260723.43068139
143.4,261000.637182806
143.5,261277.725491699
143.6,261554.695795216
143.7,261831.548279214
143.8,262108.283128267
143.9,262384.900525678
144,262661.400653489
144.1,262937.78369249
144.2,263214.049822229
144.3,263490.199221023
144.4,263766.232065967
144.5,264042.148532943
144.6,264317.948796631
144.7,264593.633030519
144.8,264869.201406908
144.9,265144.654096928
145,265419.991270541
145.1,265695.213096554
145.2,265970.319742628
145.3,266245.311375284
145.4,266520.188159915
145.5,266794.950260795
145.6,267069.597841083
145.7,267344.131062839
145.8,267618.550087026
145.9,267892.855073524
146,268167.046181132
146.1,268441.123567584
146.2,268715.087389551
146.3,268988.937802653
146.4,269262.674961464
146.5,269536.299019525
146.6,269809.810129346
146.7,270083.208442419
146.8,270356.494109222
146.9,270629.66727923
147,270902.728100921
147.1,271175.676721784
147.2,271448.513288325
147.3,271721.23794608
147.4,271993.850839615
147.5,272266.352112539
147.6,272538.741907508
147.7,272811.020366235
147.8,273083.187629496
147.9,273355.243837137
148,273627.18912808
148.1,273899.023640332
148.2,274170.747510992
148.3,274442.360876256
148.4,274713.863871426
148.5,274985.256630915
148.6,275256.539288255
148.7,275527.711976103
148.8,275798.774826248
148.9,276069.727969618
149,276340.571536285
149.1,276611.305655473
149.2,276881.930455564
149.3,277152.446064104
149.4,277422.85260781
149.5,277693.150212574
149.6,277963.339003474
149.7,278233.419104773
149.8,278503.390639934
149.9,278773.253731618
150,279043.008501693
150.1,279312.655071242
150.2,279582.193560566
150.3,279851.624089191
150.4,280120.946775875
150.5,280390.16173861
150.6,280659.269094631
150.7,280928.268960423
150.8,281197.161451721
150.9,281465.94668352
151,281734.624770082
151.1,282003.195824936
151.2,282271.659960886
151.3,282540.017290019
151.4,282808.267923707
151.5,283076.411972613
151.6,283344.449546697
151.7,283612.38075522
151.8,283880.20570675
151.9,284147.92450917
152,284415.537269674
152.1,284683.044094785
152.2,284950.445090348
152.3,285217.740361542
152.4,285484.930012884
152.5,285752.014148231
152.6,286018.992870787
152.7,286285.866283108
152.8,286552.634487106
152.9,286819.297584054
153,287085.855674592
153.1,287352.308858726
153.2,287618.657235842
153.3,287884.900904702
153.4,288151.039963452
153.5,288417.074509629
153.6,288683.004640159
153.7,288948.83045137
153.8,289214.552038986
153.9,289480.169498142
154,289745.682923381
154.1,290011.092408659
154.2,290276.398047355
154.3,290541.599932267
154.4,290806.698155621
154.5,291071.692809077
154.6,291336.583983727
154.7,291601.371770104
154.8,291866.056258185
154.9,292130.637537393
155,292395.115696604
155.1,292659.490824149
155.2,292923.763007817
155.3,293187.932334863
155.4,293451.998892007
155.5,293715.96276544
155.6,293979.824040828
155.7,294243.582803316
155.8,294507.239137531
155.9,294770.793127586
156,295034.244857081
156.1,295297.594409114
156.2,295560.841866275
156.3,295823.987310658
156.4,296087.030823859
156.5,296349.972486981
156.6,296612.812380641
156.7,296875.550584967
156.8,297138.187179607
156.9,297400.722243729
157,297663.155856027
157.1,297925.488094721
157.2,298187.719037566
157.3,298449.848761847
157.4,298711.877344391
157.5,298973.804861565
157.6,299235.631389279
157.7,299497.357002994
157.8,299758.981777718
157.9,300020.505788015
158,300281.929108008
158.1,300543.251811376
158.2,300804.473971366
158.3,301065.595660789
158.4,301326.616952025
158.5,301587.537917028
158.6,301848.358627326
158.7,302109.079154027
158.8,302369.69956782
158.9,302630.219938979
159,302890.640337362
159.1,303150.960832422
159.2,303411.181493201
159.3,303671.302388339
159.4,303931.323586074
159.5,304191.245154246
159.6,304451.067160298
159.7,304710.789671281
159.8,304970.412753855
159.9,305229.936474293
160,305489.360898482
160.1,305748.68609193
160.2,306007.91211976
160.3,306267.039046723
160.4,306526.066937194
160.5,306784.995855174
160.6,307043.825864298
160.7,307302.557027833
160.8,307561.189408681
160.9,307819.723069384
161,308078.158072124
161.1,308336.494478726
161.2,308594.732350661
161.3,308852.87174905
161.4,309110.912734662
161.5,309368.855367919
161.6,309626.699708902
161.7,309884.445817345
161.8,310142.093752646
161.9,310399.643573862
162,310657.095339719
162.1,310914.449108605
162.2,311171.704938582
162.3,311428.862887381
162.4,311685.923012406
162.5,311942.88537074
162.6,312199.750019142
162.7,312456.517014052
162.8,312713.186411593
162.9,312969.758267572
163,313226.232637482
163.1,313482.609576509
163.2,313738.889139525
163.3,313995.071381099
163.4,314251.156355494
163.5,314507.144116669
163.6,314763.034718285
163.7,315018.828213703
163.8,315274.524655987
163.9,315530.124097909
164,315785.626591944
164.1,316041.03219028
164.2,316296.340944816
164.3,316551.552907164
164.4,316806.66812865
164.5,317061.686660318
164.6,317316.608552932
164.7,317571.433856976
164.8,317826.162622656
164.9,318080.794899905
165,318335.330738381
165.1,318589.77018747
165.2,318844.11329629
165.3,319098.360113688
165.4,319352.510688248
165.5,319606.565068288
165.6,319860.523301862
165.7,320114.385436766
165.8,320368.151520535
165.9,320621.821600447
166,320875.395723524
166.1,321128.873936534
166.2,321382.256285992
166.3,321635.542818165
166.4,321888.733579067
166.5,322141.828614468
166.6,322394.827969891
166.7,322647.731690615
166.8,322900.539821675
166.9,323153.252407868
167,323405.86949375
167.1,323658.39112364
167.2,323910.81734162
167.3,324163.148191538
167.4,324415.383717009
167.5,324667.523961416
167.6,324919.568967914
167.7,325171.518779426
167.8,325423.373438652
167.9,325675.132988065
168,325926.797469912
168.1,326178.36692622
168.2,326429.841398795
168.3,326681.220929221
168.4,326932.505558868
168.5,327183.695328885
168.6,327434.790280208
168.7,327685.79045356
168.8,327936.695889448
168.9,328187.506628172
169,328438.22270982
169.1,328688.844174271
169.2,328939.3710612
169.3,329189.803410073
169.4,329440.141260154
169.5,329690.384650503
169.6,329940.533619979
169.7,330190.58820724
169.8,330440.548450745
169.9,330690.414388756
170,330940.186059337
170.1,331189.86350036
170.2,331439.446749499
170.3,331688.935844239
170.4,331938.33082187
170.5,332187.631719496
170.6,332436.838574029
170.7,332685.951422193
170.8,332934.970300529
170.9,333183.895245388
171,333432.72629294
171.1,333681.463479172
171.2,333930.106839889
171.3,334178.656410713
171.4,334427.11222709
171.5,334675.474324287
171.6,334923.742737392
171.7,335171.917501319
171.8,335419.998650806
171.9,335667.986220419
172,335915.880244548
172.1,336163.680757416
172.2,336411.387793072
172.3,336659.001385396
172.4,336906.521568103
172.5,337153.948374737
172.6,337401.281838678
172.7,337648.521993141
172.8,337895.668871176
172.9,338142.72250567
173,338389.682929349
173.1,338636.550174779
173.2,338883.324274363
173.3,339130.00526035
173.4,339376.593164826
173.5,339623.088019723
173.6,339869.489856818
173.7,340115.798707731
173.8,340362.014603929
173.9,340608.137576727
174,340854.167657287
174.1,341100.104876621
174.2,341345.949265589
174.3,341591.700854906
174.4,341837.359675134
174.5,342082.925756691
174.6,342328.399129849
174.7,342573.779824732
174.8,342819.067871323
174.9,343064.263299458
175,343309.366138834
175.1,343554.376419004
175.2,343799.29416938
175.3,344044.119419236
175.4,344288.852197705
175.5,344533.492533784
175.6,344778.04045633
175.7,345022.495994066
175.8,345266.859175578
175.9,345511.130029318
176,345755.308583604
176.1,345999.39486662
176.2,346243.38890642
176.3,346487.290730924
176.4,346731.100367922
176.5,346974.817845077
176.6,347218.443189919
176.7,347461.976429854
176.8,347705.417592156
176.9,347948.766703976
177,348192.023792339
177.1,348435.188884143
177.2,348678.262006164
177.3,348921.243185053
177.4,349164.132447338
177.5,349406.929819428
177.6,349649.635327607
177.7,349892.248998041
177.8,350134.770856776
177.9,350377.200929739
178,350619.539242738
178.1,350861.785821465
178.2,351103.940691494
178.3,351346.003878283
178.4,351587.975407176
178.5,351829.855303401
178.6,352071.643592074
178.7,352313.340298194
178.8,352554.945446653
178.9,352796.459062226
179,353037.88116958
179.1,353279.211793271
179.2,353520.450957745
179.3,353761.598687338
179.4,354002.655006279
179.5,354243.619938689
179.6,354484.493508582
179.7,354725.275739865
179.8,354965.966656339
179.9,355206.5662817
180,355447.074639542
180.1,355687.49175335
180.2,355927.817646512
180.3,356168.052342307
180.4,356408.195863918
180.5,356648.248234422
180.6,356888.209476798
180.7,357128.079613924
180.8,357367.858668579
180.9,357607.546663441
181,357847.143621093
181.1,358086.649564018
181.2,358326.064514603
181.3,358565.388495137
181.4,358804.621527814
181.5,359043.763634734
181.6,359282.8148379
181.7,359521.775159221
181.8,359760.644620514
181.9,359999.423243502
182,360238.111049815
182.1,360476.708060991
182.2,360715.214298478
182.3,360953.629783631
182.4,361191.954537717
182.5,361430.188581911
182.6,361668.331937301
182.7,361906.384624884
182.8,362144.346665571
182.9,362382.218080183
183,362619.998889457
183.1,362857.68911404
183.2,363095.288774495
183.3,363332.7978913
183.4,363570.216484845
183.5,363807.544575439
183.6,364044.782183305
183.7,364281.929328583
183.8,364518.986031329
183.9,364755.952311518
184,364992.828189042
184.1,365229.613683711
184.2,365466.308815256
184.3,365702.913603324
184.4,365939.428067486
184.5,366175.852227229
184.6,366412.186101965
184.7,366648.429711024
184.8,366884.583073659
184.9,367120.646209046
185,367356.619136283
185.1,367592.501874391
185.2,367828.294442314
185.3,368063.996858922
185.4,368299.609143008
185.5,368535.131313289
185.6,368770.56338841
185.7,369005.905386939
185.8,369241.157327373
185.9,369476.319228134
186,369711.391107571
186.1,369946.372983962
186.2,370181.264875511
186.3,370416.066800352
186.4,370650.778776546
186.5,370885.400822087
186.6,371119.932954893
186.7,371354.375192818
186.8,371588.727553642
186.9,371822.990055077
187,372057.162714769
187.1,372291.245550291
187.2,372525.238579152
187.3,372759.141818791
187.4,372992.955286582
187.5,373226.678999831
187.6,373460.312975777
187.7,373693.857231594
187.8,373927.31178439
187.9,374160.676651208
188,374393.951849027
188.1,374627.137394761
188.2,374860.233305258
188.3,375093.239597305
188.4,375326.156287624
188.5,375558.983392875
188.6,375791.720929655
188.7,376024.368914499
188.8,376256.927363879
188.9,376489.396294207
189,376721.775721833
189.1,376954.065663046
189.2,377186.266134075
189.3,377418.377151089
189.4,377650.398730197
189.5,377882.330887448
189.6,378114.173638832
189.7,378345.927000282
189.8,378577.590987669
189.9,378809.16561681
190,379040.650903462
190.1,379272.046863324
190.2,379503.353512039
190.3,379734.570865194
190.4,379965.698938317
190.5,380196.737746883
190.6,380427.687306308
190.7,380658.547631956
190.8,380889.318739132
190.9,381120.00064309
191,381350.593359026
191.1,381581.096902084
191.2,381811.511287353
191.3,382041.836529869
191.4,382272.072644614
191.5,382502.219646518
191.6,382732.277550457
191.7,382962.246371256
191.8,383192.126123686
191.9,383421.916822468
192,383651.618482271
192.1,383881.231117711
192.2,384110.754743356
192.3,384340.189373721
192.4,384569.535023272
192.5,384798.791706425
192.6,385027.959437543
192.7,385257.038230944
192.8,385486.028100894
192.9,385714.929061611
193,385943.741127264
193.1,386172.464311973
193.2,386401.09862981
193.3,386629.644094801
193.4,386858.100720921
193.5,387086.468522101
193.6,387314.747512222
193.7,387542.93770512
193.8,387771.039114584
193.9,387999.051754356
194,388226.975638133
194.1,388454.810779565
194.2,388682.557192258
194.3,388910.214889772
194.4,389137.78388562
194.5,389365.264193274
194.6,389592.655826158
194.7,389819.958797654
194.8,390047.173121098
194.9,390274.298809784
195,390501.335876961
195.1,390728.284335836
195.2,390955.144199571
195.3,391181.915481287
195.4,391408.598194062
195.5,391635.192350931
195.6,391861.697964887
195.7,392088.115048881
195.8,392314.443615823
195.9,392540.68367858
196,392766.83524998
196.1,392992.898342808
196.2,393218.872969809
196.3,393444.759143687
196.4,393670.556877107
196.5,393896.266182692
196.6,394121.887073027
196.7,394347.419560655
196.8,394572.863658082
196.9,394798.219377773
197,395023.486732155
197.1,395248.665733614
197.2,395473.756394501
197.3,395698.758727126
197.4,395923.672743761
197.5,396148.498456641
197.6,396373.235877962
197.7,396597.885019883
197.8,396822.445894527
197.9,397046.918513977
198,397271.302890281
198.1,397495.599035449
198.2,397719.806961456
198.3,397943.926680239
198.4,398167.958203701
198.5,398391.901543705
198.6,398615.756712083
198.7,398839.523720628
198.8,399063.202581098
198.9,399286.793305218
199,399510.295904676
199.1,399733.710391124
199.2,399957.036776182
199.3,400180.275071435
199.4,400403.425288431
199.5,400626.487438688
199.6,400849.461533687
199.7,401072.347584877
199.8,401295.145603671
199.9,401517.855601452
200,401740.477589567
